timestamp,state,signal,target_signal,x,y,car_heading,car_velocity,lateral_acc,longitudinal_acc,pitch_rate,roll_rate,yaw_rate,packet_rate,rtt,speed,delay,car_distance,ttc
1758758898.7980602,0,0,0,-21.70234233765728,41.27471313369656,-227.91465274099414,-0.0025599098298698664,9.776662993621162e-06,-2.564082959246116e-05,1.2676418502245039e-06,-1.4905017191895134e-06,-2.503112683421401e-08,86.5,167.0,0.0949999988079071,96.0,21.667482376098633,18.17861735746678
1758758898.8980536,0,0,0,-21.702118233099338,41.2746362239664,-227.91474317478537,-0.002294420963153243,9.505523605212729e-06,1.2821293921435659e-05,1.0790449405294597e-06,-3.3988179909993105e-07,1.94348790922017e-06,86.2699966430664,128.0,0.0949999988079071,96.0,21.547588348388672,17.560947632820653
1758758898.998056,0,0,0,-21.70188937216017,41.27457313656338,-227.9153893643786,-0.0024428199976682663,3.304046058797493e-05,-2.6583616321598533e-05,-2.694138375621697e-06,3.108769523166898e-06,2.144139870927347e-06,85.98999786376953,145.0,0.0949999988079071,7.0,21.368173599243164,16.80676751302675
1758758899.0980625,0,0,0,-21.701701884968653,41.27451920506163,-227.91482209130749,-0.002555364975705743,3.771538457610199e-05,-5.22481850443149e-05,-1.5257777031202355e-06,2.580710895391508e-06,1.1465966456486864e-06,86.5999984741211,130.0,0.0949999988079071,74.0,21.298412322998047,16.596915189835084
1758758899.19802,0,0,0,-21.7016248010683,41.274508966983255,-227.91496782093952,-0.002881343476474285,-4.467840634115424e-05,5.708493653641924e-05,2.4640442963096225e-06,-4.632303170163953e-07,9.955320861970743e-07,85.91999816894531,134.0,0.0949999988079071,29.0,21.1113224029541,15.987158664064625
1758758899.2980702,0,0,0,-21.701538887813356,41.274541788389996,-227.9146750263311,-0.001954958075657487,-3.9755898690941124e-05,-6.142376252601191e-05,-1.7061001805978777e-06,-3.484405259673354e-06,-1.1203981492316883e-06,86.51000213623047,135.0,0.0949999988079071,64.0,21.04570770263672,15.837954139905163
1758758899.3980393,0,0,0,-21.701424845827777,41.27453073428134,-227.91388167207032,-0.003311240579932928,3.8595326847421204e-05,-1.4883606238600722e-05,-2.137877800374101e-06,9.709759909257886e-07,-1.2845500643554365e-06,86.30000305175781,67.0,0.0949999988079071,29.0,20.83901596069336,15.317650313932972
1758758899.4980567,0,0,0,-21.701281640200232,41.274488730071134,-227.9139547096293,-0.0025005198549479246,-1.6686277717067072e-06,-7.66999161362308e-06,-1.446106292870985e-06,-9.164897191888111e-07,2.1533803094557173e-06,86.36000061035156,67.0,0.0949999988079071,45.0,20.764463424682617,15.14603103643958
1758758899.598061,0,0,0,-21.70112858329692,41.27449424684144,-227.91393353855472,-0.0023149678017944098,4.79032993015772e-05,-4.4778312190045866e-05,-1.1283229217505708e-06,2.4164378438657126e-06,-1.1177537887255674e-06,86.61000061035156,134.0,0.0949999988079071,96.0,20.641733169555664,14.965105785359961
1758758899.6980252,0,0,0,-21.70091905808647,41.27454233830918,-227.91331310468274,-0.002562538255006075,-7.55945912904019e-05,-5.0944167408055495e-05,-9.501758109703395e-07,2.9725713131870974e-06,1.2504256894219914e-06,86.4000015258789,100.0,0.0949999988079071,29.0,20.43634796142578,14.79809992627666
1758758899.7980318,0,0,0,-21.700717152452306,41.27452663341227,-227.91366885434485,-0.002457536058500409,-1.7078808305260556e-05,3.8675173732743325e-05,1.1483734244707439e-06,1.2002794263393714e-07,2.3052817905912785e-06,86.95999908447266,134.0,0.0949999988079071,62.0,20.36786651611328,14.751241836944331
1758758899.8980007,0,0,0,-21.700532564630112,41.274490387880775,-227.91334124889676,-0.002498582238331437,0.00010648989608029113,3.277096352477907e-05,6.163346089430197e-07,4.08324664619786e-06,-2.5303915887554093e-06,87.06999969482422,167.0,0.0949999988079071,63.0,20.231706619262695,14.796650211967629
1758758899.9980676,0,0,0,-21.700290661209152,41.27449470455415,-227.9138707690991,-0.0020318361930549145,6.900177567514213e-05,-9.862172209586516e-05,-6.395324488151412e-06,7.372284710137838e-06,3.3167883974499215e-07,86.86000061035156,133.0,0.0949999988079071,29.0,20.097089767456055,14.917916962595436
1758758900.0980554,0,0,0,-21.70007482820386,41.274534318151844,-227.91402664243776,-0.0022864954080432653,1.038953619959636e-05,3.290703146225985e-05,-3.4179294319188246e-06,7.253018390618251e-06,-2.514335861599047e-07,86.97000122070312,129.0,0.0949999988079071,70.0,20.03034210205078,14.940691788715863
1758758900.1980762,0,0,0,-21.700111927870534,41.27449069564523,-227.91321034471866,-0.002151817549020052,-0.00031858355214058975,-0.00019117123209302496,-1.4281183634433834e-06,-6.136803169244957e-06,1.0465654034135313e-06,87.13999938964844,167.0,0.0949999988079071,63.0,19.827882766723633,15.266625212131022
1758758900.298056,0,0,0,-21.700201982659657,41.27431035147818,-227.91369458078515,-0.0020719263702630997,0.000165090568730887,0.00011014003008094601,1.1112799456496501e-07,-3.5797091544715582e-06,3.535082011872374e-07,87.30000305175781,186.0,0.0949999988079071,82.0,19.707258224487305,15.609756682525981
1758758900.3980622,0,0,0,-21.700260786668313,41.27424050641334,-227.91417660589428,-0.0013647950254380703,0.000223108437263108,-7.581819713223112e-05,-6.877371935245481e-06,1.3927737781732243e-05,-3.4203247468162178e-06,87.5,167.0,0.0949999988079071,63.0,19.571592330932617,16.043210604309195
1758758900.4980643,0,0,0,-21.700197717573925,41.274281522162774,-227.91405710968917,-0.0013715061359107494,-5.492380723176714e-05,-9.813125399024795e-06,-7.160232914225276e-07,6.421186758202288e-06,9.342567765940803e-08,87.19999694824219,158.0,0.0949999988079071,54.0,19.52350616455078,16.228867008467045
1758758900.5980556,0,0,0,-21.700176330979573,41.27425980353799,-227.91434781684183,-0.001673221355304122,-0.0001671016080768235,6.674613161314742e-06,9.246317310891343e-07,3.8769992673370603e-07,4.416502859620862e-06,87.3499984741211,168.0,0.0949999988079071,98.0,19.349641799926758,17.039176663777717
1758758900.69805,0,0,0,-21.70023679871378,41.27409438019159,-227.9146289685051,-0.0019387260545045137,0.00013510146050597525,3.3517098909857014e-05,8.649780771888323e-07,-4.532952366925508e-06,3.153559675357301e-07,87.5,167.0,0.0949999988079071,96.0,19.234872817993164,17.8948027986395
1758758900.7980664,0,0,0,-21.700222196525896,41.27398791532066,-227.91524196388104,-0.0013752210652455688,0.00011198010379372528,8.646315308428006e-06,4.34084093329393e-07,2.3716329087220543e-06,2.6578737949216697e-06,87.26000213623047,113.0,0.0949999988079071,96.0,19.187694549560547,18.391787365874375
1758758900.8980489,0,0,0,-21.700109620207815,41.27399469403773,-227.91535415586776,-0.0013670598855242133,-3.488816116870753e-05,-1.0426718600756036e-05,-2.1824830307774425e-07,2.744262117747032e-06,-2.218818400669308e-07,86.73999786376953,146.0,0.0949999988079071,29.0,18.99673843383789,21.492735180209646
1758758900.9980602,0,0,0,-21.700004924149226,41.27397387377865,-227.9166434688351,-0.00119248207192868,-8.529510658940721e-05,-9.664152941951224e-06,1.421932202049139e-06,-9.55402456920637e-07,-1.2793898241603068e-06,87.22000122070312,134.0,0.0949999988079071,96.0,18.954090118408203,22.67639536426102
1758758901.098117,0,0,0,-21.699993395578634,41.27390284523266,-227.91705063969113,-0.0012678987113758922,0.00010331962015329003,-4.435802485246508e-05,3.1557199468383224e-07,-3.018004484676449e-06,-3.155390452077543e-06,86.94000244140625,100.0,0.0949999988079071,30.0,18.871395111083984,25.118177388741127
1758758901.1980677,0,0,0,-21.699993176998582,41.27384178100687,-227.91773040494394,-0.001423028763383627,0.0003583845480348251,-9.048470780248802e-06,1.5566867410771265e-08,-8.874435225317663e-07,-6.5836405300121755e-06,87.12999725341797,134.0,0.0949999988079071,63.0,18.8045597076416,28.175122692581017
1758758901.2980685,0,0,0,-21.699870187530557,41.27388109623452,-227.91764028593468,-0.0013874784344807267,-0.00015766508636205632,-4.917707643423663e-05,1.1823823478144704e-06,4.810152764127871e-06,-4.2469039831656034e-07,87.2699966430664,100.0,0.0949999988079071,63.0,18.739076614379883,32.17868023746315
1758758901.398057,0,0,0,-21.699800781763294,41.27385748147102,-227.9173285422611,-0.00129947648383677,3.90812397910568e-05,-6.658965818165207e-06,5.454745936326195e-06,1.5128528802374216e-06,-9.59437437409084e-07,87.36000061035156,100.0,0.0949999988079071,66.0,18.685544967651367,38.24544147184364
1758758901.4980512,0,0,0,-21.699756617763313,41.27379675261983,-227.9182304510041,-0.0012739270459860563,3.056659754964294e-05,-4.607720289308858e-05,2.2206008066907004e-06,-2.820342062028614e-06,2.271883496652546e-06,87.54000091552734,167.0,0.0949999988079071,63.0,18.640718460083008,45.60573768363188
1758758901.5980449,0,0,0,-21.699646520402407,41.273786554915084,-227.91639804975705,-0.0013823732733726501,2.1593813221364728e-05,-1.674104893488706e-05,-2.6352522696389004e-06,1.7780623457795793e-06,-3.2227539186657965e-06,87.62999725341797,130.0,0.0949999988079071,92.0,18.604854583740234,58.92714962393284
1758758901.6980486,0,0,0,-21.69948488049216,41.27380324812762,-227.91634547851248,-0.0015654520830139518,-2.3140032858104477e-05,3.4989988243140695e-05,-3.4946032709106165e-06,-1.967963145503423e-07,-2.802584257529681e-06,87.80000305175781,133.0,0.0949999988079071,62.0,18.577638626098633,80.61779742154691
1758758901.7980523,0,0,0,-21.69933919986567,41.27381426755008,-227.91520544182964,-0.001086528180167079,-0.00012479437863278868,-2.8359862849548105e-05,-1.506689074006816e-06,-2.690019778394836e-06,-1.7719950183465043e-06,87.88999938964844,165.0,0.0949999988079071,94.0,18.55894660949707,126.2723210289213
1758758901.8980455,0,0,0,-21.69923847912712,41.27379359078103,-227.91570973350963,-0.0012293827021494508,6.00563104091501e-05,-5.2599860635832256e-05,-1.3360467441677893e-06,-4.273516943694657e-06,2.3239783941053504e-07,88.05000305175781,104.0,0.0949999988079071,98.0,18.548681259155273,286.7495479664825
1758758901.9980638,0,0,0,-21.699072613148097,41.27379281709102,-227.9146914829032,-0.001534225302748382,5.875603605314449e-05,-5.780544384315361e-05,1.3038351204871183e-06,3.908848704163727e-07,3.654112900178823e-06,88.18000030517578,100.0,0.0949999988079071,62.0,18.545425415039062,-2196.382463909604
1758758902.0980544,0,0,0,-21.698922365377726,41.273797546424845,-227.91412500371877,-0.0017458004876971245,-1.9968457260226458e-05,9.355777156418548e-05,4.576327163487735e-08,1.6795698567322385e-06,3.7353074179226245e-06,88.26000213623047,177.0,0.0949999988079071,73.0,18.54856300354004,-348.2498568584187
1758758902.1980648,0,0,0,-21.699035250814614,41.27379226871485,-227.9136933691974,-0.0011761898640543222,-6.525305426115569e-06,-9.318509008583117e-06,2.497781122068125e-07,-1.2124812132838246e-07,2.3514963607627364e-07,88.04000091552734,112.0,0.0949999988079071,77.0,18.55183982849121,-914.8492995214523
1758758902.2980642,0,0,0,-21.69919228670603,41.27378079966646,-227.91264657171376,-0.0010727407643571496,1.7601380443636727e-05,-8.941807063027473e-06,-4.301416056107541e-06,-1.6982713784810195e-06,1.711131215974971e-06,87.87000274658203,167.0,0.0949999988079071,62.0,18.551536560058594,37342.346754863036
1758758902.3980744,0,0,0,-21.699305928274164,41.27377967777765,-227.91353648182286,-0.0012196666793897748,4.0349827403013396e-05,-2.1806139879521144e-05,1.0880074393005372e-06,3.199193755022161e-07,-1.526713232936322e-06,87.91000366210938,134.0,0.0949999988079071,63.0,18.551593780517578,-902.3444257269731
1758758902.4980497,0,0,0,-21.699371455442236,41.273809813101124,-227.913251216613,-0.0011168718338012695,-8.56511889592234e-05,1.7827341282448298e-06,-2.484615299120546e-06,-5.822570417999321e-07,5.7075434386219765e-06,87.66000366210938,110.0,0.0949999988079071,96.0,18.55287742614746,-991.5978472257411
1758758902.59805,0,0,0,-21.69946652871377,41.27381478471372,-227.9121840261392,-0.0007545969565398991,-6.462419028351363e-05,1.3473688952209692e-05,-3.0880246926295218e-06,1.760585251888054e-06,-6.626824271732642e-06,88.12000274658203,168.0,0.0949999988079071,97.0,18.553373336791992,-2030.0393720270597
1758758902.6980495,0,0,0,-21.699583577978647,41.27378685216041,-227.91261538182556,-0.0010674044024199247,7.495203954028544e-05,-8.747819346509859e-08,-8.46775194440052e-07,6.134118618143245e-07,1.6302620839840607e-06,88.16000366210938,200.0,0.0949999988079071,96.0,18.553466796875,-1245.5930577510608
1758758902.798059,0,0,0,-21.69962385537012,41.273767479633655,-227.91149175001323,-0.0011881202226504683,-2.022891163186663e-05,3.064707067240483e-05,1.0175331215822383e-07,1.4842272847011584e-06,8.517235179132536e-08,87.94999694824219,151.0,0.0949999988079071,101.0,18.554357528686523,-1020.8105595683865
1758758902.8980134,0,0,0,-21.699646453138048,41.273779869072,-227.91316768980624,-0.000742694886866957,-0.00010109707421089624,5.361773077668103e-05,-2.9525876141226085e-06,9.860872422008517e-07,3.075368901700149e-06,87.62000274658203,134.0,0.0949999988079071,62.0,18.555208206176758,-1177.9226450556753
1758758902.9980433,0,0,0,-21.6997348624932,41.27377094840261,-227.91271702185975,-0.0004358350415714085,-6.602277003259303e-05,-2.4427519497585813e-05,4.70856492706793e-06,-4.66079812964395e-06,-1.8456154397324395e-06,88.23999786376953,67.0,0.0949999988079071,29.0,18.55586814880371,-1135.6660827789192
1758758903.098055,0,0,0,-21.69981059102818,41.27375903818611,-227.91264561326642,-0.0007977827335707843,4.763432398836202e-05,-1.4596418944114836e-05,2.873138431044036e-06,-3.3360586600836135e-08,-2.310726714639467e-06,87.66000366210938,122.0,0.0949999988079071,96.0,18.555925369262695,-1161.396983887
1758758903.1980667,0,0,0,-21.699759490966738,41.273827209306816,-227.91263590433118,-0.0008327482501044869,-2.9854926338410583e-05,3.977677834847421e-05,-3.784262997807932e-06,4.0711097570468075e-06,3.705401128450694e-06,88.23999786376953,134.0,0.0949999988079071,29.0,18.557266235351562,-1089.0658088469165
1758758903.2980607,0,0,0,-21.699692734897894,41.27393370317953,-227.9119746385104,-0.0006841070717200637,-7.282842851909587e-05,-4.844039471055288e-05,3.7890205561174914e-07,2.5595439369687985e-06,2.120631710686956e-06,88.23999786376953,166.0,0.0949999988079071,61.0,18.557287216186523,-1172.9380695001082
1758758903.398052,0,0,0,-21.699668830077602,41.27396235368065,-227.91303716377354,-0.0010285174939781427,5.400576606147007e-06,1.8439520589735397e-05,3.478072487283821e-06,4.169340707876082e-07,2.429331376791656e-06,88.16000366210938,200.0,0.0949999988079071,97.0,18.557252883911133,-1351.3004138818549
1758758903.4980466,0,0,0,-21.699638466443062,41.273981168583916,-227.91219000316437,-0.0009090372477658093,5.90789058382074e-05,5.6805303166656244e-05,-3.3729731052924833e-06,1.0357624847118797e-06,1.4697196350995423e-06,87.94999694824219,134.0,0.0949999988079071,63.0,18.55738067626953,-1016.6280769156066
1758758903.5980403,0,0,0,-21.699613874585726,41.27403726498379,-227.91165693509157,-0.0002564295136835426,7.944044525793684e-06,-3.054192026527115e-05,8.532882933176736e-07,4.004985919779575e-06,-1.5651945766008702e-07,87.37999725341797,133.0,0.0949999988079071,29.0,18.5576229095459,-1291.5517130953465
1758758903.698013,0,0,0,-21.699607456963104,41.27410321957264,-227.9109094886432,-0.0006784973083995283,-5.719017904792207e-05,-7.68319992808236e-05,1.1837629731635253e-06,-2.370825305622599e-06,7.880787569172291e-07,87.66000366210938,134.0,0.0949999988079071,29.0,18.557735443115234,-1356.0447572417863
1758758903.7980297,0,0,0,-21.699607095144394,41.27409165329377,-227.91044522246193,-0.0007072238367982209,3.595182794605565e-05,-6.35083069466376e-05,6.509556475109421e-06,-1.2982787356338322e-07,-1.2660619205654205e-06,87.94999694824219,157.0,0.0949999988079071,86.0,18.557865142822266,-1270.168860080027
1758758903.8980489,0,0,0,-21.699590382449536,41.27410252569336,-227.90938704092662,-0.0005674749263562262,3.2784831513657926e-05,6.142224023155532e-05,-2.8072027643420326e-06,2.3294417978850025e-06,-1.975849319011558e-06,87.66000366210938,138.0,0.0949999988079071,34.0,18.558286666870117,-1114.0830515954326
1758758903.9980211,0,0,0,-21.69956653011187,41.2741582024516,-227.91052563169444,-0.000286365975625813,3.7925502699163506e-08,-2.3543557608149017e-05,7.723011337858553e-07,-2.9533924089083793e-06,-3.07812695943818e-06,87.66000366210938,135.0,0.0949999988079071,31.0,18.558504104614258,-1305.4175474145354
1758758904.0980325,0,0,0,-21.69953387091351,41.274212022374805,-227.9111879725922,-0.0006862470181658864,-5.775139591604782e-05,3.470200011086494e-05,1.2664701414211116e-06,-3.5462676248799114e-07,1.6802291610586516e-06,87.94999694824219,119.0,0.0949999988079071,47.0,18.558637619018555,-1207.6130704218233
1758758904.1980436,0,0,0,-21.699567276824148,41.27422043227372,-227.9108456327054,-0.00019579569925554097,9.349090176429334e-06,5.342490473664417e-05,2.2131336302648416e-06,6.429128978393083e-07,2.359022921928786e-06,87.94999694824219,165.0,0.0949999988079071,60.0,18.55910301208496,-956.6931628914261
1758758904.2980661,0,0,0,-21.69963578297167,41.27426517775025,-227.9109907131729,1.2282918078199145e-06,3.2096756562917145e-06,-9.723093816426225e-05,1.517854764860318e-06,1.600094917577363e-07,1.5279278739035855e-06,88.23999786376953,138.0,0.0949999988079071,33.0,18.559158325195312,-1197.4827943605271
1758758904.39806,0,0,0,-21.69966321398526,41.27430298741247,-227.91125915286392,-0.0005239548627287149,-6.45769095522413e-06,-5.659400883328956e-05,-1.137276307085036e-06,3.2199900149266135e-06,4.827880115876337e-06,87.94999694824219,134.0,0.0949999988079071,30.0,18.55929946899414,-1082.23804682602
1758758904.4980683,0,0,0,-21.69962882883321,41.27433629158236,-227.910605755147,-0.0008331349235959351,-2.9300526269551244e-05,-1.1047574043617262e-05,-4.3457386012477693e-07,1.5715429682908094e-06,9.570848819749013e-07,87.91000366210938,167.0,0.0949999988079071,96.0,18.559329986572266,-1021.9189602434868
1758758904.5980444,0,0,0,-21.699618911227113,41.274340706637744,-227.91126869775468,-0.0005682061892002821,-8.913660223088987e-05,3.7842117471436476e-05,-3.4500927669068636e-06,1.7607676899108081e-06,-2.768585743998373e-06,87.91000366210938,134.0,0.0949999988079071,62.0,18.559444427490234,-1328.0321064656746
1758758904.6980455,0,0,0,-21.699621574722777,41.27431648422646,-227.91252106489367,-0.0012185131199657917,5.22556906727162e-05,-8.066796112571923e-06,4.5852305329798096e-06,3.398722175824357e-06,-3.1180647203001603e-06,87.66000366210938,167.0,0.0949999988079071,62.0,18.55957794189453,-1122.461539016126
1758758904.7980618,0,0,0,-21.69955662384819,41.27427379890121,-227.91323574225078,-0.001513755414634943,-4.931888864900279e-05,1.822185001933024e-05,-1.868383899341347e-06,7.37505932236035e-07,-4.068087242281197e-06,87.91000366210938,105.0,0.0949999988079071,96.0,18.559677124023438,-1136.4871477755103
1758758904.898059,0,0,0,-21.699483231588296,41.27423098358388,-227.9139982349717,-0.0009403767762705684,-3.140790354568008e-05,5.3806744161780584e-05,3.253065393818819e-07,-2.6620226252404726e-07,-1.3425642470779856e-06,87.94999694824219,120.0,0.0949999988079071,129.0,18.559680938720703,-1016.950767073731
1758758904.9980571,0,0,0,-21.699470625065175,41.27419509785853,-227.91433366951492,-0.0010203196434304118,1.9149362628513788e-05,-4.310922356042702e-05,-5.908008393266341e-06,2.3413376903499398e-07,-2.017289378226209e-06,87.94999694824219,100.0,0.0949999988079071,30.0,18.56041717529297,-1129.938506034343
1758758905.0980601,0,0,0,-21.699426919353392,41.27415871014767,-227.91479726540354,-0.001516732620075345,2.0848548384406313e-05,-9.559278599551413e-06,-1.0674080652882077e-06,-1.077709960206348e-06,2.107201127216215e-06,87.91000366210938,140.0,0.0949999988079071,70.0,18.560810089111328,-961.7635144644129
1758758905.1980486,0,0,0,-21.699358340951807,41.27421516061072,-227.91465553503554,-0.0010796119458973408,-4.2732546693093695e-06,0.00011680064583870052,2.759557392223939e-06,-1.6065476441125942e-06,1.5716507165456172e-06,87.66000366210938,100.0,0.0949999988079071,29.0,18.561342239379883,-1149.321375600605
1758758905.2980602,0,0,0,-21.699327873404506,41.274294747436336,-227.91475190652295,-0.0007008070824667811,0.00010023530131462453,-2.195639513555785e-05,3.782809994227806e-06,-8.074850633110929e-07,-3.7107711694399888e-06,87.62000274658203,64.0,0.0949999988079071,96.0,18.56145477294922,-1004.5042533193384
1758758905.3980193,0,0,0,-21.6992851512013,41.27436986212706,-227.91533902880025,-0.0012064824113622308,0.00012550699763253407,-5.4669714091274815e-05,-2.7041415008779736e-06,4.504144205493164e-06,1.9977370277120922e-06,88.23999786376953,64.0,0.0949999988079071,96.0,18.561767578125,-936.6818011161917
1758758905.4980187,0,0,0,-21.69917302582128,41.274435988855004,-227.91578945782658,-0.0011353640584275126,1.2630552494317385e-05,1.9507871877375755e-05,-6.632641165919052e-07,2.0697767263277638e-06,1.1735100776727369e-07,88.2699966430664,142.0,0.0949999988079071,96.0,18.562070846557617,-905.50789569312
1758758905.598048,0,0,0,-21.69904961177499,41.27453878915732,-227.91584977287425,-0.0007543406682088971,-1.6947817863748845e-05,-9.26489510336527e-06,8.573946325466337e-07,-5.448301888537247e-07,7.717753643953184e-07,88.5999984741211,90.0,0.0949999988079071,97.0,18.562335968017578,-1050.1250783538912
1758758905.6980512,0,0,0,-21.698954280536828,41.27465393556789,-227.915820878506,-0.0007054341258481145,-1.3545583253489e-05,-4.729845221748395e-05,-1.3128937451163855e-06,-1.832180843366842e-07,2.691367516070206e-06,88.30999755859375,134.0,0.0949999988079071,29.0,18.56273651123047,-917.0192059341281
1758758905.7980478,0,0,0,-21.698812242549103,41.274758154198175,-227.91610213248669,-0.0008890070021152496,9.278057226115253e-05,3.592385991599237e-05,1.5939018960564516e-06,4.854299350249649e-07,9.94837927138706e-07,87.98999786376953,156.0,0.0949999988079071,51.0,18.5632381439209,-899.1854502855342
1758758905.8980484,0,0,0,-21.69864758383722,41.274899734800854,-227.9167438683587,-0.0003567383682820946,8.959942757642088e-06,4.918788333884414e-05,-3.993820555979916e-07,3.9764764919864385e-07,1.1470010168858786e-06,87.98999786376953,47.0,0.0949999988079071,29.0,18.563648223876953,-1033.853778107943
1758758905.9980602,0,0,0,-21.698482867420758,41.275078718119815,-227.91627613873953,-0.00034949040855281055,3.18000251507729e-05,-0.00014419573128012414,1.5377612417009139e-06,7.299774525100531e-07,5.776062889057093e-07,87.94999694824219,111.0,0.0949999988079071,129.0,18.56390380859375,-1000.8888919156205
1758758906.09804,0,0,0,-21.698320589113617,41.27518632976682,-227.9164375211734,-0.0013159557711333036,1.770381519432814e-05,-9.362413832998842e-05,1.7023975463325515e-06,-1.9513109006603676e-06,-2.4823684558826184e-07,88.5199966430664,171.0,0.0949999988079071,66.0,18.564807891845703,-900.941806477566
1758758906.1980581,0,0,0,-21.69831835609237,41.275151762655895,-227.91654557916667,-0.0009111077524721622,-3.2585841163572777e-05,5.090191767848619e-05,-6.647096607887008e-07,-8.868142607419609e-07,1.6917342720210073e-07,88.30999755859375,134.0,0.0949999988079071,29.0,18.56541633605957,-944.3325060707622
1758758906.2980645,0,0,0,-21.698355243648574,41.275136881255996,-227.91751844455274,-0.0006024689646437764,-2.245014948752928e-05,-3.990164179143906e-05,-1.8384561073293948e-06,-2.046831651037018e-06,-1.2360966628887106e-06,88.30999755859375,105.0,0.0949999988079071,34.0,18.56544303894043,-879.5774947542661
1758758906.398069,0,0,0,-21.69839073698255,41.275091917978486,-227.91717548376675,-0.0012376438826322556,-2.7230084701243762e-05,-1.2148698831419122e-05,2.7750667868961366e-06,-3.2212883563143857e-06,-7.272306023320185e-07,87.94999694824219,167.0,0.0949999988079071,96.0,18.565425872802734,-978.7190015045225
1758758906.4980617,0,0,0,-21.69838179430298,41.27503202057624,-227.91730705771437,-0.0011958915274590254,2.3844290444078782e-05,1.4484413937217204e-05,1.5123622439600446e-07,3.066064897483791e-06,-6.965576551759584e-07,87.94999694824219,100.0,0.0949999988079071,129.0,18.565462112426758,-1066.776995846492
1758758906.5980513,0,0,0,-21.698391142541727,41.27498901593462,-227.91707407843938,-0.0007245275191962719,-1.5748230353898553e-05,1.9258707271434606e-05,-1.2157126109191481e-06,-9.430708746234673e-07,-4.435584880492659e-07,87.66000366210938,134.0,0.0949999988079071,62.0,18.565690994262695,-904.5491664944857
1758758906.69805,0,0,0,-21.698407279809746,41.27496948743127,-227.9174305337375,-0.0007619427051395178,5.510940280401437e-05,-7.426175100771354e-05,7.556856478971086e-07,1.291738262555613e-06,-1.242346803492186e-06,87.94999694824219,172.0,0.0949999988079071,68.0,18.565767288208008,-945.1985566155164
1758758906.7980556,0,0,0,-21.69836595875273,41.274933170873474,-227.91831840361658,-0.0011329972185194492,5.151238123693513e-06,-1.9681361173270362e-05,9.261752063558709e-07,-4.7201818272896e-08,-1.7468762472301849e-06,88.2699966430664,134.0,0.0949999988079071,62.0,18.565948486328125,-1105.423800184093
1758758906.8980484,0,0,0,-21.698315024773148,41.27491478485537,-227.91807003897878,-0.0005801377701573074,-2.419443407729615e-05,3.3293809529505524e-06,4.028584819220802e-06,-1.2000035394197533e-07,-1.1917457210698608e-06,87.94999694824219,134.0,0.0949999988079071,29.0,18.56606674194336,-893.4119811290497
1758758906.9980667,0,0,0,-21.698297696420518,41.274920230537795,-227.91775878219,-0.00018019057461060584,-5.9776205787928505e-05,-4.778027572688378e-05,-5.226456162588626e-06,1.9531065298132605e-07,-2.881657066277078e-06,88.19999694824219,100.0,0.0949999988079071,96.0,18.566211700439453,-969.0919375472685
1758758907.0980618,0,0,0,-21.698296200453388,41.27491743452579,-227.91830881254924,-0.0005899402312934399,-4.5214996315616086e-05,-3.251383795957406e-05,1.994459748195356e-06,1.1296335750506378e-06,2.885160209640455e-06,87.91000366210938,170.0,0.0949999988079071,99.0,18.566484451293945,-1050.6292596842743
1758758907.1980655,0,0,0,-21.698286497473468,41.27491741237203,-227.9172601833182,-0.0004766721394844353,-1.0436689029145893e-05,8.296194728427979e-05,-5.2043635308468535e-06,-2.4074293698491397e-06,-9.910333498717126e-07,88.19999694824219,107.0,0.0949999988079071,96.0,18.56667709350586,-1015.6455752486321
1758758907.2980628,0,0,0,-21.69829408785861,41.2749602836465,-227.91745816326534,3.2367674975830596e-06,-2.9009992425253603e-05,-4.518460555760537e-05,-2.9051191153528213e-06,4.748566604876032e-06,-2.63529037626497e-07,88.19999694824219,135.0,0.0949999988079071,30.0,18.566120147705078,-1036.5737381021474
1758758907.3980653,0,0,0,-21.69828054297104,41.27500201374676,-227.91778988040193,-0.0005669701495207846,-3.765037996275563e-05,-7.6736269346356e-05,2.4931610467025377e-06,-2.0010914009270703e-06,2.603462696422887e-06,88.8499984741211,167.0,0.0949999988079071,62.0,18.56597900390625,-1147.1924097900855
1758758907.4980545,0,0,0,-21.698216934880605,41.27498545115458,-227.9174635681096,-0.0010097975609824061,7.941686285538758e-06,9.057052669549488e-05,3.4953995654316772e-06,-3.7175734303082753e-06,2.384751197497774e-06,88.88999938964844,100.0,0.0949999988079071,97.0,18.565555572509766,-955.4560201591469
1758758907.5980394,0,0,0,-21.698186815299906,41.27499640461733,-227.91601388149667,7.331509550567716e-05,-8.478175156589178e-06,3.751530052161959e-05,2.5550470137518606e-06,2.8701982828430667e-06,-9.274245675813463e-07,88.88999938964844,137.0,0.0949999988079071,73.0,18.565231323242188,-948.1174375692947
1758758907.6980562,0,0,0,-21.698202063085816,41.275061724750714,-227.91620230653825,0.00014980095147620887,4.120009340731301e-06,-2.9861968362431567e-05,5.996144266970163e-07,1.559679123836821e-06,-1.8159463956394456e-06,88.55999755859375,138.0,0.0949999988079071,33.0,18.56481170654297,-1011.3594179759938
1758758907.7980475,0,0,0,-21.698188186256736,41.27510675949786,-227.91628627303896,-0.0004825882497243583,-1.0294476642663483e-05,2.9333971477431233e-05,-2.292479747324492e-06,-8.728076099546388e-07,-9.662488631913688e-08,88.30999755859375,67.0,0.0949999988079071,29.0,18.564414978027344,-1212.7977033772145
1758758907.898047,0,0,0,-21.698200424212498,41.27512041779606,-227.91457826579386,8.567892655264586e-05,-3.5391824538793864e-05,4.558006651780205e-05,-1.936941058518045e-06,-8.308550070177942e-07,-3.0588463091319516e-06,88.30999755859375,95.0,0.0949999988079071,102.0,18.564104080200195,-1160.9513334001806
1758758907.9980526,0,0,0,-21.698255812968025,41.27516208000324,-227.9144666014634,0.00029814188019372523,1.637366503038467e-06,-3.893652599433236e-05,-2.4306306997049264e-06,-2.894782097733e-06,-2.1663244869347995e-06,89.22000122070312,138.0,0.0949999988079071,66.0,18.56382942199707,-1195.029412569939
1758758908.0980644,0,0,0,-21.69825737056685,41.275186745753096,-227.91479821085528,-0.0003722584806382656,-1.5561469710244575e-05,-1.7463970845831376e-05,4.436852996921226e-06,2.9455479455077803e-06,-6.640474839036034e-08,89.54000091552734,167.0,0.0949999988079071,63.0,18.563486099243164,-1128.5539301818071
1758758908.198065,0,0,0,-21.69821695042607,41.27517342651272,-227.91453949921276,-0.00019701017299667,-6.268927094578706e-05,3.7520736386860215e-05,2.4826125229671227e-07,4.939407806923482e-06,1.4242162255021175e-06,89.54000091552734,139.0,0.0949999988079071,69.0,18.563095092773438,-1363.239820037485
1758758908.2980652,0,0,0,-21.698241712368826,41.27516371029999,-227.91480317614366,0.00034939273609779775,1.1636485859166906e-05,-6.538710175070126e-06,1.4277394951433041e-06,2.3188676912486175e-06,9.514434573720965e-07,89.61000061035156,133.0,0.0949999988079071,29.0,18.55792808532715,-1226.9837863425043
1758758908.3980227,0,0,0,-21.69827886955589,41.275178173317265,-227.91573737460658,5.650182720273733e-05,7.820045271815545e-05,-1.1756264730774642e-05,-2.784863844785893e-06,-1.5516199757633211e-06,3.567613808995277e-06,89.87000274658203,135.0,0.0949999988079071,96.0,18.55643081665039,-1312.9522193409582
1758758908.4980514,0,0,0,-21.69824992303175,41.27519498049926,-227.91563603808356,-0.00028085437952540815,-3.5703427503791726e-05,-7.459305269374808e-05,-2.936222663021813e-06,1.4977240382938391e-06,1.5551441899035146e-07,89.61000061035156,162.0,0.0949999988079071,96.0,18.55338478088379,-2030.4241785958186
1758758908.5980496,0,0,0,-21.698196287864945,41.275195501024264,-227.91569447081287,-0.0005112168728373945,0.00014471484579444216,2.7290343543759434e-05,4.0734467964420646e-06,7.403467554734592e-06,1.624843776571363e-06,90.19999694824219,134.0,0.0949999988079071,62.0,18.550283432006836,-2415.1165673480464
1758758908.69803,0,0,0,-21.698129889467058,41.275222900600006,-227.91530392810932,-0.00039286204264499247,-0.0001300008479808006,-4.501119915874891e-05,2.7731598227954214e-07,-1.2047407377443468e-07,1.1205983119521728e-06,90.16000366210938,201.0,0.0949999988079071,97.0,18.546947479248047,-1965.5088569922152
1758758908.7980506,0,0,0,-21.6981018807847,41.27518977458467,-227.9148854387854,-0.0008910574833862484,6.285353390431417e-05,-3.0776140754210944e-05,3.799817284017596e-06,-2.805248792623176e-07,-4.538149879066391e-06,89.97000122070312,84.0,0.0949999988079071,13.0,18.543596267700195,-4650.802303890279
1758758908.8980653,0,0,0,-21.698066890015618,41.27511277392653,-227.91584001801294,-0.0004309024370741099,8.897121041301798e-05,4.024624144029045e-05,2.0591758474015985e-06,4.0660427219577937e-07,-2.6960896160067487e-06,90.2300033569336,119.0,0.0949999988079071,97.0,18.540271759033203,-3026.2895248513346
1758758908.9980242,0,0,0,-21.698028477252233,41.27513928839255,-227.9154500336321,-0.00020912024774588645,-2.6417665931476654e-05,-6.49583170333925e-06,-3.293382411648484e-06,-9.246814634156888e-07,-1.9812392292222704e-06,90.19999694824219,134.0,0.0949999988079071,63.0,18.53742218017578,-3546.0623384600135
1758758909.0980728,0,0,0,-21.69800273619386,41.275135838833535,-227.916771414513,-0.0009321440593339503,5.782306737804705e-06,-5.853693671050484e-05,1.718504443368253e-06,2.1636286674193527e-06,1.2840027866010248e-06,90.48999786376953,100.0,0.0949999988079071,63.0,18.53400421142578,12105.844812379077
1758758909.198027,0,0,0,-21.697953914767005,41.275095668292636,-227.91709400682032,-0.001181880128569901,-7.474028795423745e-05,0.00014504307437506215,-7.260038017803786e-08,-6.05302594863269e-06,1.6682817398378805e-06,90.2300033569336,134.0,0.0949999988079071,96.0,18.530872344970703,24848.275956559573
1758758909.2980347,0,0,0,-21.697931641794263,41.275071193487655,-227.9154645125422,-0.0004941783845424652,1.0751985406233241e-05,3.866876530133217e-05,3.864152287585495e-06,-1.8199380345583283e-08,4.7208826646466014e-07,90.5199966430664,167.0,0.0949999988079071,96.0,18.53067970275879,-30597.220290999485
1758758909.3980224,0,0,0,-21.697907960074634,41.27509145576176,-227.91552111593683,-0.0006377643439918756,5.0627273852032646e-05,-5.835598618823565e-06,1.581708829654857e-06,3.0624602781905126e-06,-3.541002466658373e-06,90.58000183105469,167.0,0.0949999988079071,63.0,18.530454635620117,9969.877376604947
1758758909.498028,0,0,0,-21.69784760117909,41.27510218173046,-227.91561502864397,-0.0008969663176685572,-7.481342638138937e-05,1.7166302403506564e-05,-1.0192231613638432e-06,-2.264760038043185e-06,-1.4074123656619454e-06,90.87999725341797,60.0,0.0949999988079071,96.0,18.53036880493164,18392.996733639957
1758758909.5980582,0,0,0,-21.69783644864244,41.275099179419435,-227.9161039758324,-0.00017929049499798566,4.0604681526354414e-05,-4.1537071050750975e-06,3.9472025424077144e-06,1.4552894487467054e-06,1.2310270342688052e-06,91.1500015258789,167.0,0.0949999988079071,63.0,18.53008460998535,20577.151833386986
1758758909.6980596,0,0,0,-21.69784722318641,41.27511497680045,-227.9167812873987,-0.0002238722809124738,3.413058021462066e-05,3.6967240259813686e-05,3.995546247364846e-06,-9.401368662071203e-07,-4.749727303987971e-07,90.87999725341797,139.0,0.0949999988079071,68.0,18.52986717224121,6682.848386844759
1758758909.7980523,0,0,0,-21.69784919291794,41.275153525230365,-227.91800013443685,-0.0001432762510376051,-4.8488079040315485e-06,-3.44411699478623e-05,1.4737188948289002e-06,2.7284404740209684e-06,-3.94102960417721e-06,90.55000305175781,111.0,0.0949999988079071,30.0,18.52967071533203,-13949.676467210518
1758758909.898027,0,0,0,-21.69786496675946,41.2751392352582,-227.91831925711386,-0.0004221030976623297,2.4108212387634627e-05,-2.126765162490431e-05,-1.5316941835272192e-06,-2.099386643080626e-06,6.427508252710491e-07,90.87999725341797,111.0,0.0949999988079071,96.0,18.529752731323242,-16070.691127089314
1758758909.9980638,0,0,0,-21.697876453247755,41.27511043479664,-227.9177243465412,-0.00021084377658553421,-7.60332309072139e-05,-9.932883631924481e-05,-3.560580156165212e-07,7.847800355133315e-06,-3.914921931735384e-06,90.5199966430664,200.0,0.0949999988079071,96.0,18.529329299926758,6820.750182460609
1758758910.0980344,0,0,0,-21.697889633902232,41.27509253627824,-227.91853036159517,-0.0005511648487299681,4.997367872370007e-05,6.662078737397002e-06,-1.1084835494414513e-06,-1.6193118790865506e-06,2.945833171437981e-06,90.2300033569336,200.0,0.0949999988079071,63.0,18.52916145324707,-136223.73172281665
1758758910.1980324,0,0,0,-21.697874104920263,41.27512314654525,-227.917305105455,-0.00037958650500513613,-7.116605744366793e-05,1.5152736516574156e-05,2.459017133933494e-06,3.8868870016503523e-07,6.008890523174585e-07,90.5199966430664,100.0,0.0949999988079071,98.0,18.529029846191406,-16279.283642050337
1758758910.2980733,0,0,0,-21.69789261563743,41.27511968251675,-227.91736812974875,-0.0004947593552060425,-6.362637184787263e-05,-1.1902073682760508e-05,2.043388948074768e-07,2.309617426308973e-06,1.527030943445983e-06,90.26000213623047,100.0,0.0949999988079071,29.0,18.52910804748535,1855986.4054945952
1758758910.3980494,0,0,0,-21.697941603347857,41.275077038535606,-227.91723035639478,-0.0006185591337271035,6.564833251061392e-05,-6.012774232098238e-05,-5.211778154816697e-06,-8.64574542984469e-06,-2.3432370257252023e-06,90.55000305175781,137.0,0.0949999988079071,96.0,18.52916717529297,-25498.484779864884
1758758910.4980404,0,0,0,-21.697941752842485,41.27504541571779,-227.91771915188502,-0.0008612424717284739,-2.1214396140011585e-05,-4.6690321980175244e-05,1.3251113265553618e-06,-2.1627946937202478e-06,-5.430534391514479e-07,90.55000305175781,167.0,0.0949999988079071,62.0,18.52928924560547,-30284.638126130034
1758758910.5980208,0,0,0,-21.69792527009996,41.27499890488826,-227.91863407002694,-0.0008899395470507443,-8.945009538091292e-05,-5.0173557901860136e-05,5.748698405309981e-06,2.655338711426345e-06,6.84872016850551e-06,90.26000213623047,100.0,0.0949999988079071,29.0,18.529338836669922,7370.910498132599
1758758910.6980422,0,0,0,-21.697908868259606,41.27492331371576,-227.91755894213196,-0.0013181432150304317,-4.147275835588873e-06,-9.28800290377069e-05,-1.1721602245553969e-06,2.891180789395993e-07,-1.6265361305414135e-06,89.94000244140625,100.0,0.0949999988079071,29.0,18.529476165771484,-42922.59636543874
1758758910.79802,0,0,0,-21.69786717920197,41.27481938921127,-227.917565370381,-0.0014319670153781772,4.683760217702981e-05,-2.2376669067024586e-05,2.586473061082219e-06,2.3553496918451607e-06,-6.885932841400382e-07,89.63999938964844,60.0,0.0949999988079071,22.0,18.52945899963379,6262.622169965124
1758758910.8980305,0,0,0,-21.69778832152718,41.274737620142446,-227.916840319326,-0.0012763597769662738,3.445123617036263e-06,-3.0066354669034355e-05,3.4531434945391352e-06,6.461929028553502e-06,-3.1632416276503087e-06,89.94000244140625,60.0,0.0949999988079071,63.0,18.52939224243164,13477.844119249477
1758758910.9980361,0,0,0,-21.697719837676303,41.27463680545875,-227.917123032024,-0.0015551138203591108,-5.5612290432025796e-05,-3.348378529324341e-05,-1.1530532221775461e-06,-4.464946467980091e-06,2.7824217649056887e-06,90.5199966430664,167.0,0.0949999988079071,62.0,18.52936553955078,23709.447544502127
1758758911.0980392,0,0,0,-21.697679070257635,41.27453438963438,-227.91653345168515,-0.0015152626438066363,6.0771257000183374e-05,-4.881956652343412e-06,1.7974407758761083e-06,-1.4544843411214532e-06,-3.051343195682717e-08,90.2300033569336,120.0,0.0949999988079071,86.0,18.52931785583496,-44643.09600983482
1758758911.1980345,0,0,0,-21.697627219092094,41.27448762001555,-227.91588009319196,-0.0014273924753069878,-6.975002076579788e-05,-3.100620070066118e-05,-5.068678294827232e-06,3.127098530836948e-06,1.7142738574118574e-07,90.2300033569336,137.0,0.0949999988079071,96.0,18.52928352355957,14674.118815514415
1758758911.2980628,0,0,0,-21.69759004875189,41.274440889156864,-227.91540937405193,-0.0010983535321429372,-1.3037249757866182e-05,-2.7298430307423918e-05,-1.77618295847986e-06,5.02352164537404e-07,-3.84510274157565e-06,90.55000305175781,100.0,0.0949999988079071,101.0,18.52918243408203,-534882.5487601195
1758758911.3980274,0,0,0,-21.697565883251425,41.2743517221681,-227.91618039140627,-0.001547952531836927,4.530947052026806e-06,-1.5533871244759248e-05,5.069796526116124e-06,1.2988636705267993e-06,2.4092728039314115e-06,90.26000213623047,134.0,0.0949999988079071,63.0,18.52907943725586,-22010.524103927273
1758758911.4980624,0,0,0,-21.69751395429415,41.274225391318886,-227.91429676649642,-0.0013309933710843325,-5.060031061961328e-06,2.853956840098171e-05,1.4928788644298564e-06,1.1694884467877208e-07,1.2788597173565607e-06,90.19999694824219,145.0,0.0949999988079071,100.0,18.528949737548828,8678.547082583062
1758758911.5980437,0,0,0,-21.6974854866018,41.27415630430987,-227.91375347426265,-0.001101011992432177,-2.5376464371623222e-05,2.7781138089429144e-06,-1.8290839185204644e-06,-2.393461757962822e-07,4.7224842042110703e-07,90.2300033569336,200.0,0.0949999988079071,96.0,18.528705596923828,25453.830160367874
1758758911.698035,0,0,0,-21.69745149397665,41.27406047804602,-227.9135888257851,-0.0011374278692528605,-1.046087171699792e-05,1.7119949462003122e-06,3.404748110298749e-08,-2.83645955605283e-06,1.7790860114504393e-07,89.61000061035156,133.0,0.0949999988079071,29.0,18.528465270996094,19855.654462521976
1758758911.7980518,0,0,0,-21.697410705157186,41.2739449410667,-227.91276415078949,-0.001181401195935905,-4.488605364819376e-05,-1.0805517251189523e-05,-1.114331702074274e-06,3.128855093041057e-07,-2.569084412080453e-06,89.61000061035156,134.0,0.0949999988079071,29.0,18.52820587158203,5731.57911612593
1758758911.8980742,0,0,0,-21.697387822283694,41.27382261001986,-227.91264281466334,-0.0006242413073778152,4.803465173489181e-05,2.1501195183054428e-05,-3.616874303417309e-06,-1.0524744883056094e-06,1.3332938471357076e-06,89.58000183105469,100.0,0.0949999988079071,58.0,18.528034210205078,11533.59490736396
1758758911.9980626,0,0,0,-21.697364200952098,41.27374696421321,-227.91303293328383,-0.0006560189067386091,-2.1330806352157084e-05,-5.9156765318132826e-06,9.259656284239315e-06,1.1039881884448838e-06,-9.631042123862903e-06,89.58000183105469,100.0,0.0949999988079071,96.0,18.5278377532959,-103186.51126537476
1758758912.0980432,0,0,0,-21.697316870811544,41.2736885266354,-227.9144194233544,-0.000942675513215363,3.989411533791154e-06,9.84819309897994e-06,1.1126106067752972e-06,-2.1432208540909486e-06,1.8826065084149074e-08,89.25,104.0,0.0949999988079071,33.0,18.52753448486328,6129.068235787242
1758758912.1980677,0,0,0,-21.69725248869898,41.273683936927554,-227.91480988287816,-0.0008027966250665486,-8.506779995696278e-06,2.0960279194118368e-05,4.972393233053554e-06,5.2735625639457255e-06,-2.192832066567741e-06,89.25,107.0,0.0949999988079071,70.0,18.527423858642578,6816.736957894562
1758758912.2980435,0,0,0,-21.697195042110632,41.2737054039274,-227.91480077163493,-0.00034448376391083,-6.448963207503325e-05,-3.913049497019039e-05,3.20373598120326e-06,3.169833276220368e-07,-2.461033419251083e-06,89.58000183105469,134.0,0.0949999988079071,30.0,18.527347564697266,-23704.03182487679
1758758912.398032,0,0,0,-21.697136791601974,41.27372928820876,-227.91494516177033,-0.0006714095361530781,1.0651233008196117e-05,-1.9349572063462238e-05,1.9307287843559734e-06,-1.5816728392909004e-06,1.944170662834876e-06,89.58000183105469,140.0,0.0949999988079071,36.0,18.527301788330078,27119.12056731973
1758758912.4980521,0,0,0,-21.697088378401038,41.27373686583674,-227.9152496335616,-0.0004871803685091436,-5.023094095590172e-05,-6.102021044798273e-05,-1.6972162900924967e-06,-4.03000822141785e-08,-2.198540001722768e-07,89.61000061035156,133.0,0.0949999988079071,29.0,18.527280807495117,-11091.979749563643
1758758912.598051,0,0,0,-21.697031807466228,41.27372665018825,-227.91560329569387,-0.0007687418255954981,2.915034453738147e-07,1.1612462968204233e-05,-8.869899890417592e-07,-3.750827024952554e-07,-1.5045157160863556e-06,89.58000183105469,138.0,0.0949999988079071,62.0,18.527231216430664,-29126.838242049624
1758758912.6980448,0,0,0,-21.696962743100762,41.273681017601824,-227.91548839870103,-0.0014610426733270288,-6.122475067813986e-05,-2.4297126367828065e-05,9.385166188497016e-07,-2.3398371309453394e-06,5.338356867094724e-07,89.58000183105469,169.0,0.0949999988079071,98.0,18.527206420898438,-35234.46539141647
1758758912.798024,0,0,0,-21.696857708758614,41.273559869749526,-227.91516232485532,-0.001829019165597856,-1.0371635860545083e-05,1.8328826672837387e-05,2.3012759168522547e-06,6.614392413618149e-07,2.5491727142841076e-06,89.63999938964844,100.0,0.0949999988079071,29.0,18.527313232421875,-34617.791793924305
1758758912.898071,0,0,0,-21.69676296525129,41.2734350171472,-227.91460571849558,-0.001298050512559712,-1.945126992708139e-05,-3.220956805367794e-05,4.297802763204362e-06,1.2580167869574521e-06,1.3979990717922207e-06,89.31999969482422,87.0,0.0949999988079071,16.0,18.527280807495117,-8502.444223871586
1758758912.9980257,0,0,0,-21.69668792645443,41.273324266003776,-227.91532291889177,-0.001715209917165339,5.2485881796410673e-05,-4.145144801321461e-05,-9.622201679775013e-07,-1.212532357341496e-06,1.0588602369746045e-06,89.9000015258789,100.0,0.0949999988079071,30.0,18.527240753173828,-13479.018828964838
1758758913.0980728,0,0,0,-21.69661258504013,41.27320925258608,-227.91478910262862,-0.0021897556725889444,-1.3997659735004659e-05,-7.536097189642178e-05,3.184339214787499e-06,2.520983324096443e-06,-4.909673638353948e-07,89.61000061035156,82.0,0.0949999988079071,12.0,18.52745246887207,91364.68398246529
1758758913.1980917,0,0,0,-21.6965843157258,41.27319072127093,-227.91433303990362,-0.002139936201274395,-6.607950170528587e-05,-1.923575393116358e-05,-1.8544116085915476e-06,-7.1822224315533465e-06,3.944168172267235e-07,89.83999633789062,153.0,0.0949999988079071,82.0,18.527467727661133,-12847.966202406138
1758758913.2980833,0,0,0,-21.696557493531117,41.27316138121697,-227.91428266161006,-0.0021776475477963686,3.765689052866381e-05,-2.2923249614894845e-06,1.8563609328023169e-06,4.794402106862014e-08,-2.851815914262185e-07,89.61000061035156,100.0,0.0949999988079071,29.0,18.527360916137695,-10187.786883359056
1758758913.39807,0,0,0,-21.696514700599376,41.27310027897419,-227.91554147118347,-0.0024665482342243195,-8.031750820938522e-06,-6.34688332524791e-05,6.063557394581838e-06,2.3803865694260415e-06,4.5826918025985656e-07,89.87000274658203,134.0,0.0949999988079071,62.0,18.52727699279785,8183.512514493015
1758758913.4980638,0,0,0,-21.696438468132826,41.273029869185216,-227.9159752366935,-0.0024504228495061398,2.7044775215914198e-05,6.947864958135343e-05,4.0439108038608957e-07,-3.168556688119237e-06,4.311807138392248e-06,89.87000274658203,82.0,0.0949999988079071,96.0,18.527231216430664,-25318.67215290885
1758758913.5980504,0,0,0,-21.69637234333474,41.2730006702516,-227.9142805247497,-0.001612041494809091,3.089823982625475e-06,-3.922663832760191e-05,-1.6780704942344009e-06,2.937854520306688e-06,-3.7004503584288012e-06,89.94000244140625,82.0,0.0949999988079071,96.0,18.527111053466797,-34930.821069904145
1758758913.6980457,0,0,0,-21.696322079993628,41.272984279692025,-227.91460742603044,-0.0018265756079927087,-4.213674844833083e-05,-0.000111119914551209,-2.6154465683142843e-06,-3.405084236161797e-07,1.6955688865972765e-06,90.2300033569336,200.0,0.0949999988079071,96.0,18.527002334594727,10571.960811667836
1758758913.7980263,0,0,0,-21.696222948713093,41.272896032621375,-227.91473454439404,-0.0023987884633243084,-9.241072904046314e-06,2.9232233460135437e-05,4.876816738549275e-07,2.071354420096351e-06,-3.2057389118080405e-06,89.9000015258789,125.0,0.0949999988079071,20.0,18.526962280273438,-54896.68988250423
1758758913.898042,0,0,0,-21.696121845254385,41.272813156952544,-227.91558306082464,-0.0017345465021207929,-4.4115373718191166e-05,9.781047365457692e-06,8.784926916459363e-07,-1.9452735436820683e-06,-5.566767839975046e-07,90.19999694824219,64.0,0.0949999988079071,86.0,18.526813507080078,-62016.41916621755
1758758913.9980614,0,0,0,-21.696052631510902,41.27273841604617,-227.9153545088637,-0.0016625543357804418,4.64733742238977e-05,-0.0001855190772780882,1.616748746860801e-06,-1.5228813448297568e-06,1.6883288546751209e-06,89.9000015258789,109.0,0.0949999988079071,96.0,18.526716232299805,113967.07429190983
1758758914.0980878,0,0,0,-21.69597673934779,41.27266217018714,-227.91497487301535,-0.002295552520081401,-1.0837342705505543e-05,-7.03607293644809e-05,3.90473261527603e-06,3.126038333922557e-06,2.3200188760632735e-06,90.48999786376953,134.0,0.0949999988079071,62.0,18.526681900024414,-63704.38650071973
1758758914.1980495,0,0,0,-21.69598020051631,41.27261250111156,-227.91479162744508,-0.0019762450829148293,-1.770267407975715e-05,0.00017239844739605113,7.917655273949568e-07,-5.5580619673620405e-06,-3.122030071441925e-07,90.19999694824219,98.0,0.0949999988079071,57.0,18.526643753051758,7832.033784764404
1758758914.2980514,0,0,0,-21.696032155282555,41.27259344533422,-227.91467318037883,-0.001235834090039134,3.437498623942651e-05,-6.896615251548495e-05,1.0548812910150412e-06,2.830810137209597e-07,-8.91515200518463e-07,90.19999694824219,134.0,0.0949999988079071,30.0,18.526748657226562,14862.618542039068
1758758914.3980672,0,0,0,-21.69606545526379,41.27257088876412,-227.9139394187804,-0.0019042798085138202,1.7095513018925198e-05,-5.0010617343660645e-05,2.4908194365752113e-06,-3.6635145770522484e-06,1.7086438128708025e-06,89.9000015258789,134.0,0.0949999988079071,29.0,18.52699089050293,-12174.425779064111
1758758914.4980567,0,0,0,-21.69602769925399,41.27250906319588,-227.91272084724523,-0.0020284748170524836,-2.1522861620995446e-05,3.5082020572944302e-06,-5.897707992322474e-09,-9.192620158523058e-07,6.232937601091985e-07,89.54000091552734,48.0,0.0949999988079071,100.0,18.52707862854004,-21937.616303705647
1758758914.5980244,0,0,0,-21.696012211870425,41.27247773060311,-227.9132988199434,-0.0013372257817536592,7.113043973092986e-05,1.4421689762892822e-05,-8.48269952346089e-07,7.301654292243793e-07,-3.360763569308444e-06,89.83999633789062,136.0,0.0949999988079071,65.0,18.527114868164062,18561.092496684825
1758758914.6980581,0,0,0,-21.69597470534006,41.27246735563952,-227.91373269164814,-0.0015963962068781257,2.6062841717078953e-05,-7.983508063144797e-05,3.4732029859520957e-06,4.331783581244656e-06,2.3183876697540323e-06,89.83999633789062,168.0,0.0949999988079071,98.0,18.527305603027344,-31063.936413812244
1758758914.7980185,0,0,0,-21.695867373045598,41.27242961049935,-227.9134786373096,-0.0019621483515948057,-5.562483323052698e-05,-0.00010539919450546261,-1.6301105950223613e-06,-3.6143558971817738e-06,3.97298542022355e-06,89.58000183105469,134.0,0.0949999988079071,62.0,18.527423858642578,-9467.877507123692
1758758914.8980563,0,0,0,-21.695755370210154,41.27236913021601,-227.9134993515999,-0.001745610497891903,-0.00012061379382036997,-6.128806752372037e-05,2.400075836577295e-06,1.3725204396475422e-06,1.8746301539248607e-07,89.58000183105469,134.0,0.0949999988079071,62.0,18.527429580688477,20414.94747297222
1758758914.998053,0,0,0,-21.695692916623823,41.27225493016199,-227.91374007961616,-0.0019609227310866117,-2.366868687943907e-05,-1.1188917609214968e-05,1.7383468988924282e-06,-9.329781449977152e-07,1.9593843028726937e-06,89.58000183105469,100.0,0.0949999988079071,96.0,18.527536392211914,133280.56759065404
1758758915.0980697,0,0,0,-21.69565987583952,41.27215242238503,-227.91299169486678,-0.0022362731397151947,-4.7005262704447166e-05,-2.457476269652187e-05,1.895026754705005e-06,-1.3661122906314176e-06,4.6633769699147423e-07,89.29000091552734,91.0,0.0949999988079071,62.0,18.527664184570312,-27053.27202922373
1758758915.1980674,0,0,0,-21.695662511673326,41.27219988775837,-227.9137027957313,-0.001896098256111145,-1.560039881808522e-05,1.357470079527876e-05,-4.211119366070414e-06,3.0043426111833435e-06,-1.8852699783987517e-07,89.54000091552734,126.0,0.0949999988079071,54.0,18.527841567993164,33416.917234663255
1758758915.2980566,0,0,0,-21.695689055013524,41.272238137321295,-227.91391280292908,-0.0018013108056038618,-1.0147526721343167e-05,-9.123679596455045e-05,-5.321907101596283e-06,-1.1289778323231903e-06,-1.03720168081519e-06,89.58000183105469,144.0,0.0949999988079071,39.0,18.527759552001953,-27734.892440670996
1758758915.3980525,0,0,0,-21.69569629978919,41.27222635114609,-227.91399464528422,-0.0023727465886622667,3.2552843427294446e-05,-3.362343334754075e-05,7.043459083859482e-07,4.0877030027017397e-07,1.4944528922882153e-06,89.87000274658203,111.0,0.0949999988079071,72.0,18.52775764465332,-12396.981574206911
1758758915.498058,0,0,0,-21.695667085989022,41.27220482317988,-227.91347758789266,-0.0021092642564326525,1.5303020293251745e-05,2.3789617330890802e-05,2.0969359658300556e-06,-2.3305924058640054e-06,2.2608142222294288e-06,89.9000015258789,167.0,0.0949999988079071,63.0,18.527568817138672,22134.12243829624
1758758915.598036,0,0,0,-21.69563736273865,41.27219396618553,-227.91314379228453,-0.0017149733612313867,-4.621275903979509e-05,-3.1036012644790846e-05,-2.373850818232753e-06,2.250777445026075e-06,-1.3744652087614379e-06,89.61000061035156,134.0,0.0949999988079071,62.0,18.527433395385742,19673.43844380145
1758758915.6980565,0,0,0,-21.69563695709072,41.27216668759501,-227.91315449769297,-0.001979060471057892,-2.6639956514022542e-05,-2.161210344543427e-05,6.057501330608708e-06,3.4579951768643347e-07,-3.161982371327808e-06,89.87000274658203,133.0,0.0949999988079071,62.0,18.52734375,-17516.62976304419
1758758915.7980556,0,0,0,-21.695614817155555,41.27208212110593,-227.91285021082916,-0.0022307487670332193,4.449877693818781e-05,-1.2615922773466671e-05,-2.9629249291728457e-06,4.923682953146809e-07,3.935975434300429e-07,89.58000183105469,134.0,0.0949999988079071,63.0,18.527172088623047,7912.768452735469
1758758915.898056,0,0,0,-21.695565911675626,41.27201168998229,-227.91356038709858,-0.0019476310117170215,-2.7389404563697143e-05,-2.9446609493489166e-05,-2.944869571117255e-06,-2.5614937572328007e-08,1.895591495573275e-06,89.9000015258789,100.0,0.0949999988079071,29.0,18.526935577392578,-24217.770372648472
1758758915.998052,0,0,0,-21.695523553702035,41.27192430238124,-227.91311461944588,-0.0019921502098441124,1.5189496973152314e-05,-4.66230513043115e-05,1.7492160047717276e-06,-3.2641851541001012e-06,-2.1514490176170365e-06,90.2300033569336,138.0,0.0949999988079071,34.0,18.52676010131836,-23567.159897002297
1758758916.0980422,0,0,0,-21.69549034898845,41.271851809573036,-227.91453490427597,-0.002211800077930093,-2.4495880971248143e-05,-2.9796543712737204e-05,2.5765559281054868e-06,2.487600101753792e-06,3.787221028651778e-07,90.19999694824219,83.0,0.0949999988079071,44.0,18.526594161987305,17461.109918526203
1758758916.1980665,0,0,0,-21.695488839866073,41.27183981063182,-227.9140905497352,-0.002293381141498685,3.9867777889615206e-05,0.00011745497020507186,3.3421489481367076e-06,4.2581446359078315e-06,-5.6909618889718806e-06,90.19999694824219,172.0,0.0949999988079071,67.0,18.526453018188477,4968.762614562746
1758758916.2980754,0,0,0,-21.69550098533208,41.271842214070816,-227.91376725406627,-0.001830768072977662,2.3586774530139156e-05,6.9768981295770695e-06,6.496725662515128e-07,-1.0328072127163048e-06,-1.0108401847785783e-06,89.9000015258789,123.0,0.0949999988079071,51.0,18.526342391967773,-19498.583660943867
1758758916.3980715,0,0,0,-21.695510221650828,41.271845960788966,-227.91451995585595,-0.0020778728649020195,-1.3153854627001091e-05,-1.0132338386344677e-05,-1.6893616353277792e-06,-4.331900644959077e-06,-3.676889904306807e-06,90.16000366210938,169.0,0.0949999988079071,65.0,18.526214599609375,44498.17916658628
1758758916.498054,0,0,0,-21.695486862982392,41.271832604229665,-227.91354212931475,-0.0017970872577279806,6.708748470531828e-05,-1.1359788087393095e-05,-9.884028760851035e-07,6.276300453621117e-07,-2.5757474274964684e-06,90.19999694824219,134.0,0.0949999988079071,130.0,18.52605628967285,5233.0490115574385
1758758916.598058,0,0,0,-21.695463978719335,41.27184919807306,-227.91332950112974,-0.0014739912003278732,-2.8615591331313623e-05,-4.790810650636167e-05,-1.490441871105694e-06,5.366727321783247e-06,-6.416363151265648e-06,90.5199966430664,134.0,0.0949999988079071,129.0,18.525833129882812,10904.05629314821
1758758916.6980526,0,0,0,-21.69542489590652,41.27183829222236,-227.91373925180818,-0.0022054058499634266,-3.0645969350900765e-05,-2.1745174902396327e-05,5.355075569965315e-06,-3.5750333593321214e-07,-1.606011584585909e-06,89.97000122070312,155.0,0.0949999988079071,63.0,18.52552032470703,5513.446324290188
1758758916.798041,0,0,0,-21.6953493350772,41.27177920537876,-227.91213690504344,-0.002035124460235238,3.7457369830965817e-05,3.962341906037083e-05,-9.420491582086235e-07,5.975962710814761e-07,1.04270026578932e-06,90.55000305175781,134.0,0.0949999988079071,63.0,18.525253295898438,4445.883177924156
1758758916.8980758,0,0,0,-21.695248951067956,41.271782940074274,-227.91123132262493,-0.001485997112467885,5.59645904246387e-06,-1.2365550585113808e-05,-3.1147719108099403e-06,2.404891778283433e-07,2.6719098722408615e-06,90.5199966430664,192.0,0.0949999988079071,88.0,18.525087356567383,6265.991677412249
1758758916.9980273,0,0,0,-21.695137164019766,41.271763951346,-227.91088555146422,-0.001978049287572503,-4.234715678442657e-05,-0.00014118316823790155,-1.328822763611177e-06,3.3215011124189417e-06,-2.3527469860986737e-06,89.9000015258789,100.0,0.0949999988079071,29.0,18.524784088134766,6462.425334567337
1758758917.0980656,0,0,0,-21.695064744636323,41.27171235451222,-227.90991983589038,-0.0021120794117450714,6.564983949563003e-05,1.3399657536348698e-05,7.588927342921132e-07,-4.310839749466679e-06,-2.5920707837634785e-07,90.2300033569336,100.0,0.0949999988079071,130.0,18.524734497070312,9516.409148505576
1758758917.1980736,0,0,0,-21.69515373888076,41.27176281916818,-227.9094189910561,-0.001593102584592998,-3.054064656501589e-05,1.192091838682702e-05,-3.0756417493873604e-06,-2.847869918315269e-07,2.5493156877227725e-06,89.61000061035156,146.0,0.0949999988079071,41.0,18.52457046508789,13005.75276888449
1758758917.2980804,0,0,0,-21.695248240659254,41.27184859724643,-227.90853383414623,-0.0015681959921494126,7.718813526059193e-05,-5.0909485927681905e-05,2.908414333075412e-06,1.3939966722122287e-06,-1.3328223963981244e-06,89.97000122070312,89.0,0.0949999988079071,64.0,18.524669647216797,-15772.855682450423
1758758917.398029,0,0,0,-21.695302331782457,41.27189920270232,-227.90793915651113,-0.001771212206222117,1.524356873873579e-05,1.4755852339456003e-05,8.215225437265584e-08,9.335737814607589e-07,2.7533398213782602e-06,90.2300033569336,157.0,0.0949999988079071,53.0,18.52480125427246,8649.91110624662
1758758917.4980228,0,0,0,-21.695359667453197,41.27193283669314,-227.9079990712131,-0.0016678563551977277,3.981707118009889e-05,-4.3955031748470676e-05,-4.458579859634396e-06,2.0309758577631298e-06,-3.122970882926238e-07,90.26000213623047,134.0,0.0949999988079071,29.0,18.52486228942871,-13503.354883109987
1758758917.598023,0,0,0,-21.69537584087059,41.271994866871616,-227.9088472973666,-0.0012596974847838283,-2.611180530965915e-06,-3.544745973698557e-05,-1.1788394345012342e-06,4.897381631293321e-06,-3.9882522122923984e-07,90.2300033569336,111.0,0.0949999988079071,40.0,18.52491569519043,-115146.38556659703
1758758917.6980298,0,0,0,-21.695377260372535,41.27206360105231,-227.9083801189264,-0.001465622684918344,-0.0001571842012727838,-5.251313260138439e-05,-2.2279389694414135e-06,3.7581559547467054e-07,2.340867523502956e-06,89.63999938964844,100.0,0.0949999988079071,29.0,18.525074005126953,-52912.83950730586
1758758917.7980583,0,0,0,-21.695453562821804,41.27199747695105,-227.9085831223506,-0.001657194341532886,0.00016962319786141073,-4.560708198293171e-06,-3.1481692102047974e-06,-1.2851095003778158e-06,-1.917666345850974e-06,90.5199966430664,67.0,0.0949999988079071,29.0,18.52511215209961,-38622.56865423967
1758758917.8980317,0,0,0,-21.69546933805071,41.271981867522065,-227.90836629601426,-0.001344813616015017,8.311765752741813e-05,2.671903210475228e-05,-3.063911245415506e-07,3.7453142657227366e-07,6.41009291388281e-07,90.2300033569336,124.0,0.0949999988079071,20.0,18.52515983581543,38529.07873151539
1758758917.9980686,0,0,0,-21.695427417911322,41.27201746139875,-227.90749970211442,-0.0012728472938761115,-2.700522366591993e-05,-5.438406437534735e-05,7.063603692970794e-07,-1.176758956571922e-06,-4.2188711975315004e-06,90.58000183105469,134.0,0.0949999988079071,30.0,18.52518653869629,12064.14358933731
1758758918.098076,0,0,0,-21.69541911820834,41.272012559390284,-227.9082458915359,-0.001512465882115066,2.635261066503998e-05,2.842399138747628e-05,2.4032826292191426e-06,3.1005548353542073e-06,1.4105016431557044e-06,90.29000091552734,67.0,0.0949999988079071,29.0,18.525270462036133,17261.11587178563
1758758918.1980596,0,0,0,-21.69544297706612,41.27200359991877,-227.9067855742179,-0.0010741277365013957,-5.593364169833848e-05,0.00018700893551683423,2.490975506718517e-06,-6.058174827207336e-06,-2.733440962263316e-07,90.55000305175781,128.0,0.0949999988079071,57.0,18.525310516357422,13973.73427937716
1758758918.2980561,0,0,0,-21.69551527652663,41.272030396718,-227.90661805570858,-0.0005632254178635776,0.00015041073969226425,-5.676647222684683e-05,-2.6805804475645387e-06,-2.7514200705392718e-06,-4.5405472958023944e-06,90.26000213623047,120.0,0.0949999988079071,62.0,18.525386810302734,-9665.308135232923
1758758918.3980658,0,0,0,-21.695517522881786,41.27211265914315,-227.9071646665795,-0.0006765221478417516,-5.202358733602185e-05,-2.038943402021097e-05,-3.475064638865333e-06,-4.827874053595638e-06,8.125636213826799e-07,90.26000213623047,134.0,0.0949999988079071,29.0,18.525665283203125,19148.398899595126
1758758918.498085,0,0,0,-21.695503734003328,41.2721783102934,-227.90648432263947,-0.0007073464221321046,-2.409183699810378e-05,3.602296548745489e-05,-1.2685579764865722e-06,-2.9662183374942984e-06,-3.784385305774824e-06,89.9000015258789,146.0,0.0949999988079071,41.0,18.525747299194336,10384.455813879127
1758758918.598056,0,0,0,-21.695560329478354,41.272221890797,-227.90817599733975,-0.00014210224617272615,6.991585727841014e-06,-8.156037474626044e-05,-1.8085220735587252e-06,-1.6499536556365726e-06,1.5112901834421524e-06,89.87000274658203,100.0,0.0949999988079071,129.0,18.52583122253418,-10147.53985389671
1758758918.6980505,0,0,0,-21.695566440657235,41.2722996351159,-227.90623771309612,-0.0004875202721450478,1.748897763526289e-05,-6.952510628437145e-05,-2.316838649058913e-06,-2.5107089516339287e-06,1.1544336198123872e-06,89.87000274658203,100.0,0.0949999988079071,96.0,18.52617073059082,-5593.202852969859
1758758918.7980494,0,0,0,-21.695515391144593,41.272374534418866,-227.9066912095634,-0.0005607422790490091,1.0617862748769917e-05,1.630366156506602e-05,4.943640623545991e-06,3.251757125443453e-06,4.743080047530379e-07,89.83999633789062,203.0,0.0949999988079071,99.0,18.526369094848633,-12849.77645169439
1758758918.8980584,0,0,0,-21.6954559074801,41.27243599226269,-227.90601794921668,-0.0005688734236173332,-6.907008239231498e-05,7.2863638581206905e-06,-1.4054465140316264e-06,3.7322326610840835e-06,1.882885721431645e-06,89.9000015258789,167.0,0.0949999988079071,96.0,18.526506423950195,-4483.455856464032
1758758918.99807,0,0,0,-21.695452082972157,41.272444221568044,-227.90666951811085,-0.0005795442848466337,1.1823828211027993e-05,-7.886243690323724e-05,-1.923002677592137e-06,-1.4180675285171466e-06,-4.8569137185672605e-06,90.16000366210938,167.0,0.0949999988079071,96.0,18.526771545410156,-21804.811232459986
1758758919.098029,0,0,0,-21.695435952526715,41.272434669077825,-227.90671024059492,-0.0009725689888000488,4.4596575514545076e-05,-5.6679266560358656e-05,1.981458680254006e-06,-1.642006055528516e-06,2.797547070372156e-06,89.94000244140625,113.0,0.0949999988079071,41.0,18.52698516845703,-17088.94192777196
1758758919.1980875,0,0,0,-21.69537695474968,41.27246274261248,-227.90571644745228,-0.0011540234554558992,-9.433181133257587e-05,-1.7830362999412386e-05,-1.331725700608478e-06,3.226636562803013e-07,-1.7672615476032808e-07,89.29000091552734,100.0,0.0949999988079071,29.0,18.527050018310547,-7907.860332129229
1758758919.298061,0,0,0,-21.695341434322906,41.272460768122876,-227.9048464804536,-0.0011800635838881135,4.9029430957353436e-05,-4.293481509885061e-05,-2.2086257023837719e-07,1.6758608181591686e-06,-5.961578075815831e-07,89.29000091552734,167.0,0.0949999988079071,63.0,18.527002334594727,-24632.66904708874
1758758919.3980563,0,0,0,-21.69529139904025,41.272422799097015,-227.90516473959423,-0.0017520822584629059,4.340702868472995e-05,-1.8887891801266935e-05,-1.4853563815005908e-06,5.74122567147556e-08,-1.0157646391897132e-06,88.93000030517578,167.0,0.0949999988079071,96.0,18.52695083618164,-11354.390592022512
1758758919.4980464,0,0,0,-21.695182995432678,41.27237691946707,-227.90457528792552,-0.0017211338272318244,3.8416654877231225e-05,1.821547805912314e-05,9.003157951826648e-07,1.2867143387813352e-06,-5.55458923119242e-08,88.93000030517578,167.0,0.0949999988079071,96.0,18.526714324951172,-9455.474372440965
1758758919.5980191,0,0,0,-21.695057664443308,41.27238131463971,-227.9043617016299,-0.001310323248617351,-6.944255120184105e-06,2.70342717418672e-05,-4.295502020431081e-06,1.791844783141713e-06,1.488152943743907e-06,88.93000030517578,134.0,0.0949999988079071,62.0,18.526592254638672,-20724.26828034333
1758758919.6980555,0,0,0,-21.694913640557417,41.27238604073985,-227.90268146356476,-0.0020594631787389517,-4.64466528159482e-06,2.062136701459682e-05,-2.121554762849381e-06,-2.1278955905634127e-06,-2.4563038173352174e-06,88.63999938964844,137.0,0.0949999988079071,33.0,18.526575088500977,-8292.711951698837
1758758919.7980504,0,0,0,-21.694734052637628,41.27234322632248,-227.90396684297474,-0.0021807218436151743,5.6201478770331804e-05,-4.987174886432497e-05,3.3426166095895167e-06,-8.737195820089115e-07,-3.237422489464544e-07,88.5999984741211,131.0,0.0949999988079071,75.0,18.526409149169922,-119877.24783319398
1758758919.8980577,0,0,0,-21.69451019875943,41.27230041297743,-227.90266215727013,-0.0023056326899677515,3.365300906667228e-05,-7.237260055538369e-07,2.0520763985722736e-06,-1.2779968432004973e-06,9.286051162442896e-08,88.93000030517578,82.0,0.0949999988079071,48.0,18.52621841430664,-32823.52212084924
1758758919.9980316,0,0,0,-21.69424541649931,41.27226363714271,-227.9026782250367,-0.0027777014765888453,-7.064330667859222e-06,-4.026836379750721e-05,-3.7444756092421263e-06,-4.005817085090917e-06,-2.101603368321062e-08,88.93000030517578,100.0,0.0949999988079071,62.0,18.526094436645508,-8356.309339727493
1758758920.0980673,0,0,0,-21.694029853426485,41.27220442963507,-227.90305016443983,-0.0035187075845897198,-7.572095427216797e-05,-1.3088006531675026e-05,-2.290286190349219e-06,2.075588750308746e-06,-1.4584439824970628e-06,89.22000122070312,102.0,0.0949999988079071,78.0,18.52585220336914,7759.148792693007
1758758920.1980793,0,0,0,-21.69401421233485,41.27217224835834,-227.903289316374,-0.003335458692163229,-2.7167372845965127e-06,7.341952942104525e-05,3.462366441073254e-06,5.13698964535398e-06,-1.2403466116772225e-06,88.95999908447266,131.0,0.0949999988079071,93.0,18.525802612304688,-4666180.879193056
1758758920.2980726,0,0,0,-21.694005059798847,41.27215588284944,-227.90365515413077,-0.002984018297865987,4.260005989070759e-05,1.0777466174242531e-05,-7.182593637682597e-07,-3.613685932860342e-06,3.415524915754047e-06,89.25,133.0,0.0949999988079071,62.0,18.525663375854492,-93527.17092218756
1758758920.3980684,0,0,0,-21.69394912286425,41.27215865698967,-227.9031204363988,-0.0032297412399202585,1.1913287172378689e-05,-6.409053451928348e-06,2.1046083996551993e-06,1.0776583597838732e-06,-8.717183020977975e-07,88.93000030517578,101.0,0.0949999988079071,32.0,18.525333404541016,19422.31803255959
1758758920.498052,0,0,0,-21.693864783303816,41.27213888585005,-227.90359580738152,-0.002821696922183037,2.3948384304461926e-06,-5.5221858001119567e-05,-3.278687738389562e-06,1.338651992596078e-06,2.381002973756935e-07,88.93000030517578,199.0,0.0949999988079071,61.0,18.52515983581543,-57053.96961326759
1758758920.5980594,0,0,0,-21.693794243725364,41.27211634485764,-227.90325324831667,-0.002761341165751219,5.122439008781563e-05,4.09384256190515e-06,2.435243959246565e-10,2.5178265416755845e-06,-2.2846017091624307e-06,88.93000030517578,157.0,0.0949999988079071,96.0,18.525043487548828,-14456.413327063667
1758758920.69802,0,0,0,-21.693675097393086,41.27207973039601,-227.90410186697835,-0.0032072076573967934,8.763555774314398e-06,-4.7423235089236384e-05,-4.6082087305414606e-07,6.444234223219899e-07,9.80616563967786e-07,88.88999938964844,190.0,0.0949999988079071,86.0,18.524799346923828,51374.716766708334
1758758920.7980485,0,0,0,-21.69348863360974,41.27201910633171,-227.90379969486872,-0.003208598354831338,1.9794792592253657e-05,0.00016387337009874303,3.5277163145347554e-06,-1.8561054899506916e-06,1.1679732809045932e-06,88.88999938964844,104.0,0.0949999988079071,96.0,18.52442169189453,27904.813382505872
1758758920.8980567,0,0,0,-21.693352647570574,41.27199216720609,-227.90350494885138,-0.002026432426646352,6.54772726232419e-05,2.0052278922253164e-05,-1.7625547270508966e-07,-1.2535368803761977e-06,9.157114172070755e-07,89.51000213623047,167.0,0.0949999988079071,62.0,18.524070739746094,58405.12431673731
1758758920.9980521,0,0,0,-21.693161304890953,41.27200001765662,-227.9028322849747,-0.00256294384598732,0.00012607641536148097,-0.00013437500664471952,-2.426402896481342e-06,-1.746107238266542e-06,-3.1518123273215663e-06,88.95999908447266,167.0,0.0949999988079071,29.0,18.523712158203125,211199.7587463731
1758758921.0980544,0,0,0,-21.692971672633618,41.27199343452781,-227.90358734956482,-0.0026440417859703302,-1.783547921088069e-05,7.06029275826428e-05,1.096754892509099e-06,2.0331394577549223e-06,1.6540243203924836e-06,89.54000091552734,167.0,0.0949999988079071,63.0,18.523462295532227,75775.41090794103
1758758921.198065,0,0,0,-21.693021786419823,41.27205576599185,-227.90264565642934,-0.001018003560602665,-9.81659890184441e-05,3.5361695313219553e-06,-4.5687965706109685e-06,-2.6307111714861296e-06,4.501065100370633e-07,88.95999908447266,153.0,0.0949999988079071,96.0,18.523256301879883,7208.146698064508
1758758921.298073,0,0,0,-21.69316628871377,41.27211095385518,-227.90302110258745,-0.0012476997217163444,0.0001518913986543378,-0.00012993814606958743,-1.26051442881386e-06,-9.935976487464952e-08,2.978840949706656e-07,89.54000091552734,167.0,0.0949999988079071,96.0,18.523387908935547,6616.764699962623
1758758921.3980913,0,0,0,-21.69316663234165,41.27212537787883,-227.90126749050472,-0.0026827522087842226,9.94397393825317e-05,-0.00010139911074324409,2.052079792915192e-06,9.282438741533698e-06,-2.4084816484475195e-06,89.25,133.0,0.0949999988079071,62.0,18.5235652923584,6970.047741349795
1758758921.4980495,0,0,0,-21.693051663680254,41.27212454862987,-227.90286992581326,-0.0020350096747279167,4.394288324413538e-06,0.00018910934554448622,5.90651344442336e-06,3.955296476602893e-06,7.595867869837282e-07,88.5999984741211,133.0,0.0949999988079071,80.0,18.523591995239258,20840.305838585657
1758758921.5980473,0,0,0,-21.693049308468016,41.272208199648226,-227.90207515241212,-0.00036640785401687026,-7.51376727395858e-05,4.605672400831993e-05,-8.160793125929119e-06,-1.3639517146219464e-06,4.38563172682847e-06,88.93000030517578,138.0,0.0949999988079071,100.0,18.52362823486328,-15937.777589647445
1758758921.6980498,0,0,0,-21.69309992484506,41.27228609720713,-227.90197443563818,-0.0008456971263512969,4.799297968729364e-05,-0.00018423694213562066,-2.016947232452766e-06,-5.60775020199227e-06,-4.780218534675908e-06,88.95999908447266,138.0,0.0949999988079071,34.0,18.523807525634766,29332.995801172256
1758758921.7980528,0,0,0,-21.693013755412935,41.27231398826579,-227.90306440523523,-0.0021268983837217093,0.0001785637475440042,6.25529779995935e-05,5.028568584192733e-07,2.1837820646645587e-06,-2.3593028667133026e-06,89.18000030517578,138.0,0.0949999988079071,65.0,18.523834228515625,22954.57894373912
1758758921.8980489,0,0,0,-21.692781797100842,41.2724321703798,-227.90136306051102,-0.0008738272590562701,-8.227233366729829e-05,0.00011278929584055647,-7.353875697934915e-08,-4.861090289397119e-08,3.249350167759083e-06,89.51000213623047,149.0,0.0949999988079071,63.0,18.5237979888916,-5975.861302276933
1758758921.9980597,0,0,0,-21.69271626218492,41.272534347356114,-227.90212107176683,-0.00031132512958720326,3.0001426225852467e-05,-0.0001882999222397301,-1.5697357945881039e-06,1.5022180182450275e-06,-6.96806824485042e-07,89.51000213623047,134.0,0.0949999988079071,96.0,18.523813247680664,122566.83142494668
1758758922.0980618,0,0,0,-21.692647144586992,41.27255330979769,-227.90239197770182,-0.0015563374618068337,3.4774578801423954e-05,-0.00010062029083851126,-5.917113247377837e-07,-2.294942475210176e-07,1.8276858158920983e-06,89.54000091552734,100.0,0.0949999988079071,101.0,18.523849487304688,39069.14267600844
1758758922.1980705,0,0,0,-21.69249603564778,41.27242943654462,-227.90206108019817,-0.0015477119013667107,8.303906792863223e-05,5.326264410274623e-05,-2.468881591858356e-06,-6.3539853519230274e-06,-5.380654801802047e-07,89.29000091552734,109.0,0.0949999988079071,96.0,18.523752212524414,-72331.67377204483
1758758922.2980568,0,0,0,-21.692390051822706,41.27240307829452,-227.90270106223159,-0.0008396155899390578,-3.010609917326087e-05,-1.5174190479406025e-05,9.530556653460616e-09,2.779467108517622e-06,-4.3661295809319494e-06,89.83999633789062,101.0,0.0949999988079071,64.0,18.523632049560547,11764.273542330355
1758758922.398081,0,0,0,-21.692295270742235,41.27242045535235,-227.90284694433694,-0.0012079982552677393,-0.00017582921060335877,-0.00013555745576815576,-4.659124510984343e-06,-5.098915070468109e-06,-3.0830102050868654e-06,89.83999633789062,140.0,0.0949999988079071,70.0,18.523603439331055,19544.242358048363
1758758922.4980266,0,0,0,-21.692160340670046,41.27231085898441,-227.90428347337354,-0.002040813909843564,3.4458468859776e-05,-8.203196195433784e-05,1.4059125200066128e-06,-3.087760313068443e-06,-4.752984955951217e-06,89.87000274658203,100.0,0.0949999988079071,62.0,18.523454666137695,6675.400939777759
1758758922.598057,0,0,0,-21.69199824961719,41.27218074442199,-227.90328015972852,-0.0017963103018701077,5.094062015749431e-06,8.26070438102452e-05,-4.4916589581711575e-06,-5.7232063158144805e-06,-1.6142859494920759e-06,89.9000015258789,100.0,0.0949999988079071,96.0,18.52325439453125,11712.910823833667
1758758922.6980467,0,0,0,-21.691828932003606,41.272134623794265,-227.90328782874371,-0.0013604271225631237,-3.343340353421878e-05,-4.791948393458743e-05,-2.4648240444372097e-06,6.10306762365761e-06,-1.2550672090220786e-06,89.83999633789062,171.0,0.0949999988079071,100.0,18.523174285888672,14493.214963074122
1758758922.7980182,0,0,0,-21.691642852826163,41.27205728239356,-227.90426096339598,-0.002359120873734355,-5.604522286012049e-05,-9.557561803161916e-05,-1.1567298795714562e-06,-1.0289073004989058e-06,-7.554960338756765e-06,89.9000015258789,100.0,0.0949999988079071,63.0,18.52299690246582,33019.14431098457
1758758922.8980305,0,0,0,-21.691432200349805,41.271930136635724,-227.90529929804353,-0.0018729486037045717,-9.408868111854288e-05,-1.765582795318461e-05,2.3113914546549568e-07,2.065826372739791e-06,4.2215295030593e-06,89.61000061035156,133.0,0.0949999988079071,29.0,18.522668838500977,8999.028642867517
1758758922.9980664,0,0,0,-21.69127951060607,41.271818004344446,-227.9049586611195,-0.0015118815936148167,6.257256526123442e-05,-5.687679544644394e-06,-4.112609631195456e-06,-4.1470843932056665e-06,5.7149056233294635e-06,89.87000274658203,166.0,0.0949999988079071,61.0,18.522438049316406,101008.34781504613
1758758923.0980725,0,0,0,-21.691143570778202,41.271776675541226,-227.90490836244584,-0.0017046688590198755,1.736013115952678e-05,-2.0528242787110373e-05,1.413158655243563e-06,4.676545171282143e-06,7.662369795526005e-07,89.61000061035156,134.0,0.0949999988079071,30.0,18.52219009399414,7806.900093456951
1758758923.19809,0,0,0,-21.691097051386087,41.27176848451168,-227.9035266468544,-0.0022597317583858967,-7.695758039395574e-05,-2.3016429225554697e-05,-2.457943943315153e-06,-3.2920519603576444e-06,-2.8726205981581443e-07,89.9000015258789,147.0,0.0949999988079071,43.0,18.522119522094727,4894.912344548322
1758758923.298095,0,0,0,-21.691082414387672,41.27167548916296,-227.9037591676427,-0.002059777732938528,6.103681020941429e-05,5.2915031597805716e-06,-3.1785340484780366e-06,2.2011774879694948e-07,-3.184181113113257e-06,90.16000366210938,146.0,0.0949999988079071,96.0,18.52202796936035,21370.69513459858
1758758923.398084,0,0,0,-21.691056897008995,41.27159984092168,-227.9029166323832,-0.002075373427942395,2.8372883063660903e-05,-6.188983063470262e-05,-2.6208259751087983e-06,1.0781633109996083e-07,-1.8741540370728247e-06,90.2300033569336,101.0,0.0949999988079071,97.0,18.52187728881836,5351.855276897669
1758758923.4980536,0,0,0,-21.690959712981904,41.27154136979201,-227.9022626821776,-0.0023088324815034866,-1.6631841471773626e-05,-4.2716184220366245e-05,2.5092121401294665e-06,1.9632781758144485e-06,-3.9729656347830115e-07,90.5199966430664,167.0,0.0949999988079071,62.0,18.52166175842285,5767.960793349431
1758758923.5980637,0,0,0,-21.690841062757702,41.27148065485547,-227.9031696462677,-0.0022764902096241713,-5.457250525960307e-06,3.5533402894347435e-05,2.2405775224027911e-07,-8.753794321730558e-07,-1.4550351384756677e-06,90.2300033569336,167.0,0.0949999988079071,62.0,18.52147102355957,-547840.0352604938
1758758923.6980395,0,0,0,-21.690740630017448,41.271433382120975,-227.9027829044203,-0.0018384818686172366,8.123287757703525e-06,-2.0570983553905985e-05,1.0737151772688373e-06,-4.060167728237947e-06,1.953850915896296e-07,89.94000244140625,121.0,0.0949999988079071,50.0,18.521230697631836,7251.10726788593
1758758923.7980623,0,0,0,-21.69060992285562,41.27140407165344,-227.90344133980216,-0.002031624084338546,8.180487351723645e-05,-1.7351734997840443e-05,-3.1881942872992165e-06,-7.191972513814488e-07,-8.033797796774115e-07,90.2300033569336,140.0,0.0949999988079071,35.0,18.520944595336914,6503.692612773884
1758758923.8980505,0,0,0,-21.69045679023761,41.27139402414028,-227.9021384223533,-0.002158521441742778,1.6164605996284308e-05,1.796890308311574e-05,-1.2629522140064867e-06,-2.476258117173022e-06,-2.4212782302267e-06,89.94000244140625,133.0,0.0949999988079071,62.0,18.520713806152344,29851.489123059833
1758758923.9980435,0,0,0,-21.690203162598234,41.27137966473208,-227.9032668379224,-0.001926218275912106,-1.489601486902222e-06,-7.195520192344191e-05,-8.228236460260198e-07,1.2846215184811025e-06,3.878185574493028e-06,89.9000015258789,112.0,0.0949999988079071,93.0,18.520339965820312,4067.523437645616
1758758924.0980604,0,0,0,-21.6900571876625,41.2713642420975,-227.9030802268298,-0.0020844931714236736,6.408853863446254e-05,-1.9644752652490954e-05,-3.7330162628546567e-06,1.5973803903224597e-06,-1.5010017094598466e-06,89.94000244140625,54.0,0.0949999988079071,83.0,18.519929885864258,3809.4463542217177
1758758924.1980565,0,0,0,-21.690033190578617,41.271412228885104,-227.90345755829952,-0.0018774893833324313,3.972947395808389e-05,6.439078429374209e-05,-4.34926420942883e-06,4.072008646020101e-06,-3.947711740177419e-06,90.26000213623047,69.0,0.0949999988079071,64.0,18.51982879638672,5776.739168749187
1758758924.2980602,0,0,0,-21.690005333407548,41.271503794132144,-227.90422167132687,-0.0013415588764473796,4.698087275740635e-06,-1.078844618891121e-05,-3.268738795396195e-07,-4.537279752345746e-06,5.807789046070872e-07,90.48999786376953,146.0,0.0949999988079071,75.0,18.519805908203125,7096.060276307745
1758758924.3980577,0,0,0,-21.689996469168953,41.27156955264063,-227.9046115209348,-0.0015076241688802838,6.876030660716908e-05,1.0899497816393182e-05,-7.922770470243104e-07,2.5341752171392183e-07,-6.662894295553677e-06,90.2300033569336,133.0,0.0949999988079071,29.0,18.51988983154297,141462.76689469477
1758758924.4980154,0,0,0,-21.689948041193713,41.27165255920779,-227.90527751540304,-0.0012595204170793295,-6.454620648779271e-05,-8.132059722974285e-05,2.8616615851647624e-07,2.6095311993549944e-06,3.059567553044248e-06,90.19999694824219,100.0,0.0949999988079071,30.0,18.51995277404785,309982.4885007414
1758758924.598051,0,0,0,-21.689872745690707,41.27171050636342,-227.9043346098324,-0.0017880485393106937,1.551859830687982e-05,1.3544281967629968e-05,-3.1956658178868792e-06,2.400649524951465e-06,-1.6925433795569758e-06,90.81999969482422,134.0,0.0949999988079071,96.0,18.520029067993164,7095.790496311767
1758758924.6980593,0,0,0,-21.689755728422,41.27178457884511,-227.90456513185597,-0.0012730087619274855,6.755281066648812e-06,2.19635573817489e-05,-3.1867657306832033e-06,-3.2097751420170105e-06,-6.394599662722508e-07,90.58000183105469,167.0,0.0949999988079071,62.0,18.520076751708984,10722.093150760269
1758758924.7980268,0,0,0,-21.68962690851081,41.27190652205537,-227.90404263731972,-0.0011026698630303144,-1.3579325775405226e-05,-3.3248057545644584e-05,-3.286789327752924e-07,2.786478443350912e-07,3.0421044147564675e-06,90.55000305175781,67.0,0.0949999988079071,32.0,18.520156860351562,-20195.42757065997
1758758924.89805,0,0,0,-21.689457286016975,41.272007676179875,-227.90399477874877,-0.0018348144367337227,-9.296428706491863e-06,-6.087344118976422e-05,1.1253287574405658e-06,-3.995908909033676e-06,-3.6711819147601358e-06,90.58000183105469,100.0,0.0949999988079071,29.0,18.52021598815918,7294.307403714879
1758758924.998058,0,0,0,-21.689239291903462,41.27205359033339,-227.90480571371324,-0.001470597111620009,-9.02998543552767e-05,0.00014620984884357416,-6.522309372247783e-07,-4.788570148375984e-06,-6.489442890675467e-06,90.55000305175781,171.0,0.0949999988079071,33.0,18.520244598388672,-14848.684280317437
1758758925.09806,0,0,0,-21.689130178784236,41.27212814120697,-227.9054352824637,-0.00030762769165448844,6.464881067649186e-05,3.914658109750032e-05,-1.6949232820578092e-06,-5.1184219679538605e-06,-2.0591910741909176e-06,90.8499984741211,67.0,0.0949999988079071,96.0,18.520177841186523,-23295.260892066228
1758758925.1980336,0,0,0,-21.689104512950518,41.272174817929034,-227.90528108326072,-0.0005872641340829432,9.006367460090088e-06,-9.143647471815232e-05,2.2766446622853535e-06,2.3390543602494756e-06,-1.2191777377547637e-06,90.55000305175781,67.0,0.0949999988079071,81.0,18.52033042907715,195923.15584597917
1758758925.2980368,0,0,0,-21.68898821504051,41.27220723029039,-227.904375385599,-0.0010952753946185112,-8.319450050130219e-05,-2.535445565644136e-06,-4.937628467512754e-07,-1.6145541621437361e-06,-1.174832383734497e-06,91.18000030517578,172.0,0.0949999988079071,68.0,18.520263671875,-6993.047894738462
1758758925.3980396,0,0,0,-21.68890132419923,41.27220907342827,-227.90478151729803,-0.0004789306258317083,-2.1281877580985835e-05,5.0909257005859706e-05,4.166342589942287e-06,2.9096140592367346e-06,1.1136258792269083e-07,90.87999725341797,100.0,0.0949999988079071,62.0,18.520204544067383,12985.697284991815
1758758925.4980154,0,0,0,-21.688843562994155,41.272240350065545,-227.90433832361128,-0.0007043274235911667,-1.8510911407238993e-06,-5.240344178284039e-05,2.7700947707117303e-06,-1.7329343694845672e-06,-1.787427531510628e-06,90.55000305175781,134.0,0.0949999988079071,30.0,18.520166397094727,-16527.51767791348
1758758925.598046,0,0,0,-21.68871192696083,41.272238386802286,-227.90434306935754,-0.0016110705910250545,-8.704539661300497e-06,-8.578990297863757e-05,-2.046825685720088e-06,2.0162397753275233e-07,1.7351458395351038e-06,90.87999725341797,167.0,0.0949999988079071,62.0,18.520126342773438,16963.48667985508
1758758925.6980422,0,0,0,-21.688563375405003,41.27217399499122,-227.90354586336474,-0.0014525593724101782,3.132210647247641e-05,5.767854941796517e-05,8.159521224852287e-07,3.2738857709940007e-06,2.368218698112827e-06,90.8499984741211,175.0,0.0949999988079071,71.0,18.520021438598633,11420.453327015986
1758758925.7980702,0,0,0,-21.68845372273663,41.27214283675361,-227.90298470079802,-0.0008908872841857374,4.9663757667052086e-05,2.794216180859237e-05,-7.936358928373093e-06,-9.50084800523438e-06,5.641283152500201e-07,90.87999725341797,167.0,0.0949999988079071,63.0,18.519926071166992,-7738.721010890276
1758758925.898044,0,0,0,-21.688311709189005,41.272115948818865,-227.90090494704214,-0.0015686689876019955,-6.647366179420247e-06,-0.0001418190336210519,1.8726762092375985e-06,3.8181508003011934e-06,7.86303813232471e-07,90.87999725341797,134.0,0.0949999988079071,63.0,18.519855499267578,13318.91319842965
1758758925.9980257,0,0,0,-21.6880300772074,41.27200781913695,-227.90008194205484,-0.0023460411466658115,-2.5328990255115665e-06,3.618693549353307e-05,5.424038825985782e-06,-3.1221768354853497e-06,3.1356236509469274e-07,90.55000305175781,167.0,0.0949999988079071,63.0,18.519739151000977,12453.745499272894
1758758926.0980675,0,0,0,-21.687904820253994,41.27197722519234,-227.89901745749182,-0.0016345401527360082,-2.547897139900626e-05,2.629731679157604e-05,-1.0715333887496667e-07,1.192021274592699e-06,-1.3325469290418731e-06,90.81999969482422,167.0,0.0949999988079071,63.0,18.51953125,12976.821380677655
1758758926.198083,0,0,0,-21.687978175274942,41.272037501086906,-227.89924015359645,-0.001096523948945105,1.55187789487092e-05,-0.00015372144518910726,-1.8064874029949071e-06,-1.9173690546939574e-06,-3.43562762647682e-06,90.8499984741211,134.0,0.0949999988079071,64.0,18.519512176513672,8841.91094937767
1758758926.2980697,0,0,0,-21.688020583785683,41.272026976337365,-227.9005727290812,-0.002081153681501746,-3.365819598699963e-06,-4.545963220010883e-05,-9.296911136315989e-08,-7.652934195984182e-08,2.3991987995192408e-06,90.5199966430664,167.0,0.0949999988079071,97.0,18.51941680908203,-28513.867761235764
1758758926.398051,0,0,0,-21.688021118446947,41.27197427714026,-227.90050829446352,-0.001832404755987227,1.570072552333644e-05,6.362578453042947e-05,2.012428749289935e-06,7.841178813341751e-07,1.0599373172133136e-06,90.55000305175781,82.0,0.0949999988079071,98.0,18.519140243530273,6660.161341258099
1758758926.4980128,0,0,0,-21.688044585103306,41.27197175978744,-227.8991841337783,-0.001156855607405305,7.147954327621706e-05,-1.103293620372924e-05,-5.875691384492149e-06,-3.8708361985293994e-07,-2.1103044633067468e-06,90.8499984741211,167.0,0.0949999988079071,63.0,18.518911361694336,9265.63867243346
1758758926.5980325,0,0,0,-21.688060819179658,41.271976841121095,-227.8989631490112,-0.0014657089486718178,3.219614180874375e-05,-8.32849842999863e-05,6.538926647189592e-07,4.819299092672738e-07,-8.977335320996465e-07,90.87999725341797,139.0,0.0949999988079071,63.0,18.518712997436523,63162.88801702296
1758758926.698045,0,0,0,-21.688022639545874,41.271922541344274,-227.89924574467835,-0.0020039330702275038,1.649671809374791e-05,4.858271970153182e-05,-5.582794400823815e-08,1.2338419808403723e-06,-2.867506641993609e-06,90.26000213623047,134.0,0.0949999988079071,63.0,18.518386840820312,3789.097325503332
1758758926.798051,0,0,0,-21.687998826683803,41.27188902578598,-227.9007193269756,-0.0005925371660850942,9.45486464434717e-05,0.0002810860728029138,-4.5652688851111644e-06,-2.887964140960202e-06,5.085288771297582e-07,89.97000122070312,87.0,0.0949999988079071,62.0,18.517959594726562,7893.820331591638
1758758926.8980455,0,0,0,-21.68804743146878,41.27195478496183,-227.90001768101882,1.64694974955637e-05,-6.073282828707851e-05,-0.00018234676644047522,-1.0210254323916087e-06,-4.910388213317002e-07,4.0219709401932737e-07,90.5199966430664,151.0,0.0949999988079071,62.0,18.517648696899414,-177843.44098680143
1758758926.998033,0,0,0,-21.688064414179358,41.27188870613542,-227.90016549371614,-0.0015063806204125285,-2.643487899752273e-05,-2.4347626438837634e-05,-1.063580780694923e-06,-3.3934812444551573e-06,2.6077976596682386e-06,90.5199966430664,167.0,0.0949999988079071,96.0,18.517282485961914,4886.225311401846
1758758927.0980637,0,0,0,-21.68806579917435,41.2718303931486,-227.89923577519187,-0.0004553786711767316,3.714494628348999e-05,0.00012569674973548014,1.9468427127162986e-06,1.5301632951333307e-06,1.7927261462688842e-06,90.26000213623047,71.0,0.0949999988079071,51.0,18.516799926757812,4088.3698938879784
1758758927.1980593,0,0,0,-21.68812526999855,41.27202248931288,-227.89966461533987,0.0008594193495810032,-8.970158930199808e-06,-9.453388962784274e-05,-3.037411322413478e-06,-8.806913249107443e-07,3.2038810204095736e-06,89.94000244140625,116.0,0.0949999988079071,44.0,18.516572952270508,-89992.89959319464
1758758927.2980537,0,0,0,-21.688170383258818,41.27221240465764,-227.89971974665343,-0.00030934897949919105,-1.8220233978912375e-05,-0.0001634570509826203,-1.108071211567095e-06,2.527239076508674e-06,2.0729314232097133e-06,90.87999725341797,100.0,0.0949999988079071,29.0,18.516965866088867,3385.9180498314067
1758758927.398051,0,0,0,-21.688158576313533,41.272310275565545,-227.89867266120245,-0.0005608507199212909,-8.706060993969827e-05,0.00017272033548167734,7.413285005223132e-06,-2.9324610849981455e-06,-4.747237251431794e-06,90.8499984741211,92.0,0.0949999988079071,55.0,18.517070770263672,3398.961290644494
1758758927.4980607,0,0,0,-21.688219033687805,41.27244023740173,-227.89952398345866,0.0009596806485205889,3.794396137583027e-05,0.00012125688882074913,-4.161947864171514e-06,-1.6901622711687463e-06,-1.7958649249386467e-07,90.2300033569336,200.0,0.0949999988079071,62.0,18.517303466796875,47060.25123270179
1758758927.598038,0,0,0,-21.688320166812836,41.27266117806392,-227.8989376611221,0.0010963443201035261,-5.937884868057074e-05,-0.00016375994117115179,6.725447111123872e-07,1.3807788713611559e-08,-2.395632546824482e-07,90.5199966430664,141.0,0.0949999988079071,70.0,18.517597198486328,6465.5328531607165
1758758927.6980553,0,0,0,-21.68836725877417,41.27284786493201,-227.8985311715183,0.00048019937821663916,-1.9625200627143963e-05,8.659406177325853e-06,1.4275448429543655e-06,-2.2287628557609047e-06,-1.909860897010758e-06,89.83999633789062,127.0,0.0949999988079071,96.0,18.51781463623047,30941.40511200874
1758758927.7980442,0,0,0,-21.688420856933444,41.27301299192043,-227.89913174495348,0.0011818252969533205,2.5302093010062274e-05,0.00010889110665268634,-7.691605629272166e-08,-3.2951877769522526e-06,1.3985283172794753e-06,89.29000091552734,132.0,0.0949999988079071,28.0,18.518056869506836,7161.192150699143
1758758927.898049,0,0,0,-21.68850052292686,41.27319469389468,-227.89920021218404,0.001869881758466363,-5.673143412686089e-06,-6.521746921236954e-05,-4.916974134538312e-06,8.284064259692757e-07,-1.4747952223227468e-07,89.61000061035156,67.0,0.0949999988079071,29.0,18.518259048461914,59716.57881490825
1758758927.9980745,0,0,0,-21.688603259523724,41.273473382612735,-227.89977871666224,0.0014237506547942758,7.952186820705856e-05,-5.087488269133967e-05,3.2481045563153164e-06,-1.4090754573735015e-06,2.306126356660504e-06,89.87000274658203,67.0,0.0949999988079071,62.0,18.518508911132812,-22007.640944841365
1758758928.0980372,0,0,0,-21.688606879805835,41.27363444497143,-227.89910877764652,0.0015249063726514578,-6.8221490937269275e-06,4.192836013907631e-05,3.3715117725644418e-06,1.701623918815924e-06,5.021845375526668e-07,89.58000183105469,133.0,0.0949999988079071,62.0,18.518648147583008,7355.828138634034
1758758928.1980262,0,0,0,-21.688646110530676,41.273689485486535,-227.8998833639875,0.0023948776070028543,2.562872565442812e-05,0.00012160682680686412,-3.4917448221514805e-06,7.153609314217871e-06,-5.565080441658913e-06,89.61000061035156,134.0,0.0949999988079071,29.0,18.51869010925293,-7252.483418275298
1758758928.29808,0,0,0,-21.68872810642677,41.273739401497906,-227.8995367829301,0.0018237493932247162,1.9716058047870336e-05,-5.112154192124567e-05,-3.1663863177458283e-06,-2.0046611104726167e-06,1.607234327391572e-06,90.16000366210938,151.0,0.0949999988079071,80.0,18.51878547668457,-18954.21745884574
1758758928.398069,0,0,0,-21.688763334295786,41.273760845093804,-227.89857352398536,0.001659728237427771,-1.2576903491583102e-05,8.678226608972713e-05,3.187777951770526e-06,7.094785355639332e-07,-9.56599708502189e-07,89.61000061035156,113.0,0.0949999988079071,9.0,18.51885223388672,20350.156616236378
1758758928.498048,0,0,0,-21.688826898283136,41.273875841618,-227.89885229750138,0.0026160678826272488,1.6267117990812052e-06,4.5870017000664216e-05,-1.3781436194221815e-06,-7.107436475862036e-07,3.2622601275634285e-06,89.87000274658203,171.0,0.0949999988079071,33.0,18.51889419555664,97685.22444327633
1758758928.5980482,0,0,0,-21.688879620394538,41.27397298338723,-227.89833395117893,0.002778021153062582,-1.8793391403401187e-05,-3.7353902485727907e-05,-1.1670963745843435e-06,3.165816009184017e-06,2.766109319475504e-06,90.16000366210938,173.0,0.0949999988079071,69.0,18.518985748291016,9554.467437173398
1758758928.69806,0,0,0,-21.68897700666759,41.27413049355931,-227.89740120131512,0.0019457533489912748,7.504114062335964e-05,-1.9139016442261792e-05,5.806828371465567e-06,2.8224704169711065e-07,-2.436248014521655e-07,90.5199966430664,100.0,0.0949999988079071,96.0,18.51909637451172,-13549.143085479627
1758758928.7980454,0,0,0,-21.689002390985063,41.27424049282548,-227.89721705550994,0.001912975567393005,-4.519504524054814e-05,7.351861174588958e-05,2.87521553567464e-06,4.0798305655573943e-07,-1.4578813105623884e-06,89.97000122070312,140.0,0.0949999988079071,96.0,18.519155502319336,18182.361400504535
1758758928.8980255,0,0,0,-21.689069701326257,41.2744119537387,-227.8974902896972,0.002719906158745289,-2.439397246424768e-05,1.4382851940329507e-05,-1.8508924977553456e-06,1.816957967825877e-06,2.2334842569753463e-07,90.26000213623047,134.0,0.0949999988079071,62.0,18.51923179626465,-31766.80085116716
1758758928.998058,0,0,0,-21.689165912519137,41.27457615019168,-227.89674276653733,0.002038021571934223,4.778943284649563e-05,-8.429547709880829e-05,2.4792921294476496e-06,1.199535155352316e-06,-2.7413471773525705e-06,90.58000183105469,134.0,0.0949999988079071,63.0,18.519285202026367,-10008.250627458321
1758758929.0980294,0,0,0,-21.68921042455958,41.27465666539497,-227.897176485972,0.0015491893282160163,5.972788376715862e-06,5.1134500197597875e-05,-2.9907759122275547e-06,1.938801761139453e-06,-1.5586157704948657e-06,90.5199966430664,168.0,0.0949999988079071,97.0,18.519268035888672,6754.266499272665
1758758929.1980424,0,0,0,-21.68923420735287,41.274643899704785,-227.89659051968135,0.002218543319031596,-9.256107353780097e-06,8.35084589884095e-05,-3.005828844070115e-06,-1.2681309634914652e-06,-3.7037670547628202e-06,90.81999969482422,154.0,0.0949999988079071,96.0,18.519142150878906,22426.748493353385
1758758929.2980711,0,0,0,-21.689289026101648,41.27467283148346,-227.89763431384137,0.0019608845468610525,-1.682603002457864e-05,-2.870953572024021e-06,1.4263358195170177e-06,-1.8738095690651369e-06,6.845557777055001e-07,90.5199966430664,67.0,0.0949999988079071,29.0,18.519149780273438,144165.25470436199
1758758929.398021,0,0,0,-21.68931178802765,41.274667854662646,-227.89766878462564,0.0011939560063183308,7.548851740529853e-06,-4.4422534223653944e-05,-1.7683189965939403e-06,-1.5063793720780228e-06,1.3350098145182833e-06,90.87999725341797,67.0,0.0949999988079071,63.0,18.519142150878906,5555.216345621297
1758758929.4980452,0,0,0,-21.68930892171534,41.274644259225084,-227.89764072833594,0.001279314048588276,-2.6877796705922643e-05,-8.740668879853202e-06,-5.440853465080201e-07,-1.891637089263339e-08,-1.3509353760276263e-06,90.5199966430664,193.0,0.0949999988079071,88.0,18.519107818603516,9548.951130198058
1758758929.5980506,0,0,0,-21.68932749432663,41.2746457252314,-227.8974700242864,0.0014117194805294275,2.5268328613464066e-05,-5.559208717978925e-06,-2.0655686623092354e-06,2.0959038601106498e-06,4.053342528763334e-07,90.55000305175781,167.0,0.0949999988079071,62.0,18.51907730102539,-8999.38971044287
1758758929.6980455,0,0,0,-21.689341209680038,41.274642239784974,-227.8976284624119,0.0008157832198776305,5.178808354218039e-05,-2.2890736221824137e-06,3.1865583135219807e-06,1.5878991497662697e-06,-2.3449239350748107e-06,90.26000213623047,101.0,0.0949999988079071,30.0,18.518991470336914,5023.963389669943
1758758929.7980149,0,0,0,-21.689302324821952,41.274650015722415,-227.89687730642095,0.0006460093427449465,-6.481022714137615e-05,-2.5732309779115527e-05,-1.3244899110543335e-06,-1.2313427383424535e-06,-1.5990089723171202e-06,90.55000305175781,134.0,0.0949999988079071,96.0,18.51889419555664,11375.718426742664
1758758929.898058,0,0,0,-21.689253079383853,41.27466558933155,-227.8975476970728,0.000491300190333277,2.126246479028937e-05,-1.9193390038415052e-05,8.471623543178295e-07,1.2426333660221758e-06,2.901769824962624e-06,90.81999969482422,167.0,0.0949999988079071,63.0,18.51877212524414,47327.8243591481
1758758929.9980555,0,0,0,-21.689188803220357,41.27467769314794,-227.89725329862085,-0.00017055217176675797,1.0394443099222975e-05,-6.26421770757157e-05,2.71630187304867e-07,4.7514599719831455e-07,-2.2746524191129034e-06,90.8499984741211,101.0,0.0949999988079071,98.0,18.518583297729492,3782.8458504069413
1758758930.0980742,0,0,0,-21.68910663612123,41.274684676994525,-227.89701718201474,-4.4243344746064395e-05,3.0450710947258013e-05,-1.1311460510013078e-05,-4.931943107150474e-07,-2.4655446276261303e-06,-2.6540015807386086e-06,90.8499984741211,137.0,0.0949999988079071,65.0,18.518342971801758,12974.245700764208
1758758930.198077,0,0,0,-21.68909445770778,41.27475938704982,-227.89712133489525,0.0001672613580012694,-7.145397212522967e-05,-7.283145867937232e-05,-2.2478853941963535e-07,3.4973747980520362e-06,6.026588059119463e-07,90.8499984741211,167.0,0.0949999988079071,96.0,18.51823616027832,80037.80105262225
1758758930.298039,0,0,0,-21.689054524237473,41.27484030951698,-227.89678017749696,-0.0001760188170010224,4.663894983113284e-05,4.996171819902308e-06,-3.758426989451267e-07,-2.973905207147228e-07,6.586143251273775e-07,90.87999725341797,134.0,0.0949999988079071,30.0,18.518451690673828,6287.834891745043
1758758930.3980675,0,0,0,-21.688984779634303,41.27492231822833,-227.8974580857801,-0.00014224612095858902,0.00012327227757673927,3.342217365993705e-05,-4.043447649899677e-06,-1.312228961051504e-07,5.2533765270486956e-06,91.18000030517578,134.0,0.0949999988079071,96.0,18.518537521362305,11559.769417472045
1758758930.4980607,0,0,0,-21.688886819106855,41.27504930799603,-227.89641706314808,0.0003240336081944406,5.7374051305996056e-05,1.1957381029235732e-05,-1.8251602338903923e-06,-2.055169997419485e-06,-2.6795475878049086e-06,91.20999908447266,134.0,0.0949999988079071,96.0,18.518692016601562,-15888.128061979083
1758758930.598053,0,0,0,-21.688774455694467,41.27524850613265,-227.8974272136145,0.000272618664894253,-1.1843036429924292e-05,-8.642882474329606e-05,-3.722849357016199e-06,1.297567937445339e-06,-2.130722852600918e-06,91.18000030517578,128.0,0.0949999988079071,57.0,18.518829345703125,5813.908045827879
1758758930.6980488,0,0,0,-21.68860912883217,41.275443991962106,-227.89906906471538,-2.458685776218772e-05,-3.966073218510627e-05,-8.46084123500353e-05,-1.0897851112969209e-06,6.703900669059145e-06,-4.52031701149237e-06,90.87999725341797,100.0,0.0949999988079071,29.0,18.51909828186035,-182448.75276614376
1758758930.7980232,0,0,0,-21.688437312517003,41.27565143049102,-227.89832336499052,0.0006343918503262103,6.65134955611236e-05,7.120114409169783e-05,4.987688932988913e-06,-6.812684145154306e-06,-7.543030105492381e-06,90.61000061035156,134.0,0.0949999988079071,29.0,18.51913833618164,118537.39153515048
1758758930.8980534,0,0,0,-21.688297002535418,41.27594735115764,-227.89836795335947,0.0014581145951524377,6.238690290484205e-05,-8.480115384731658e-06,-1.6463227340576811e-06,2.3268801116006925e-06,-2.95927845534362e-06,90.91000366210938,167.0,0.0949999988079071,29.0,18.519372940063477,-352112.5001992085
1758758930.9980252,0,0,0,-21.68817170800797,41.27622420965957,-227.89857308924246,0.0010308482451364398,9.818302114590113e-06,-0.00020511656931713497,8.418045091903082e-07,-6.015694854342319e-07,-3.384479899735241e-07,90.87999725341797,90.0,0.0949999988079071,62.0,18.519535064697266,-8544.289347083837
1758758931.0980608,0,0,0,-21.68797041688633,41.276515225520804,-227.89818888287783,0.0007481080247089267,-3.602639632703679e-05,0.00011963778589896864,3.1087727651984694e-07,-5.608477738711528e-06,1.0872628198155818e-06,90.58000183105469,118.0,0.0949999988079071,13.0,18.519840240478516,16047.260928830146
1758758931.1980643,0,0,0,-21.687968592063505,41.27660501437994,-227.89853974553182,0.0017519480315968394,-5.0100125281963e-05,0.00012952414225842938,5.843455968800519e-06,-9.408867462241882e-07,2.2585267629892417e-06,90.8499984741211,142.0,0.0949999988079071,71.0,18.519926071166992,-7161.007807092022
1758758931.298075,0,0,0,-21.68799553393923,41.2767230224424,-227.8982993983409,0.001154795871116221,4.806713369935271e-05,-0.00010654870665799054,-7.062368539058002e-07,5.14340366742883e-07,1.1615445427444978e-07,91.18000030517578,156.0,0.0949999988079071,97.0,18.5198974609375,-4552.068663125212
1758758931.3980634,0,0,0,-21.687948797308866,41.27680446645682,-227.89848655467063,0.000825650873593986,-4.977311012147351e-05,5.494421046580337e-05,5.000751303810119e-06,1.231767694369214e-06,-3.593721463265872e-06,90.58000183105469,134.0,0.0949999988079071,29.0,18.519681930541992,-8730.737084127768
1758758931.498018,0,0,0,-21.687906043101712,41.27691840151835,-227.89977508096007,0.0014254803536459804,-4.132321784313536e-05,9.226729782547915e-05,-2.2532543888285386e-06,5.594581114467673e-07,1.675563383858294e-07,91.18000030517578,170.0,0.0949999988079071,66.0,18.519649505615234,-4417.124569029823
1758758931.5980484,0,0,0,-21.687933722342624,41.27704764685809,-227.90039969527368,0.0016318472335115075,-1.1830684225724812e-05,-7.231650289955791e-05,2.89013939049249e-06,-2.0661136414268684e-06,1.6938388393870942e-07,90.61000061035156,96.0,0.0949999988079071,24.0,18.51963233947754,-7765.778675418476
1758758931.698012,0,0,0,-21.687942003405677,41.27714174030702,-227.89922757683513,0.0006964107160456479,1.9258627471700986e-05,-4.437395167279838e-05,-7.6319929445597e-07,2.5639997524722833e-07,-1.2310800216929875e-06,91.2300033569336,134.0,0.0949999988079071,29.0,18.51961898803711,-8242.109305575355
1758758931.7980564,0,0,0,-21.687894341382712,41.277253381857406,-227.89993713532976,0.0012519578449428082,-4.852881457988429e-05,4.165729336549007e-05,-1.161214293979307e-06,-2.3885237670084564e-07,-4.222499162041346e-06,90.91000366210938,100.0,0.0949999988079071,96.0,18.51955795288086,-9507.559418992343
1758758931.8980503,0,0,0,-21.68791021252027,41.2774306104112,-227.89935099035756,0.0019256033701822162,-4.445762812859302e-05,3.0565940098789576e-05,-1.4774924351882016e-06,-7.984080519005401e-07,-1.0025252394106296e-06,91.18000030517578,137.0,0.0949999988079071,32.0,18.519607543945312,-23082.018443012745
1758758931.998024,0,0,0,-21.68795456542637,41.27760711276604,-227.8992118397341,0.001581085380166769,2.7305201376175365e-05,-2.185348227435393e-05,-8.555670597331536e-07,-1.411574208359045e-06,-2.7940655100492292e-06,91.18000030517578,164.0,0.0949999988079071,60.0,18.51970672607422,-5082.533974492996
1758758932.098069,0,0,0,-21.687944470017246,41.27770704820533,-227.89876848694155,0.0011495606740936637,-3.091911706925329e-05,2.7510956053776693e-05,-3.279980664732067e-07,2.9215175406992083e-06,-1.3126486791061934e-06,90.58000183105469,159.0,0.0949999988079071,22.0,18.519824981689453,-13080.597532958891
1758758932.1980596,0,0,0,-21.68791531601638,41.27774125078919,-227.8976444315755,0.0017133514629676938,1.52653113044994e-05,1.574677437038635e-05,-5.838017175787218e-06,7.227405370769789e-06,2.6776106954031783e-06,90.26000213623047,149.0,0.0949999988079071,44.0,18.519821166992188,-7159.4153434090495
1758758932.2980514,0,0,0,-21.687914797178895,41.27781336535076,-227.8967934101857,0.0016452211420983076,-4.382624127464342e-05,-6.438590150230536e-05,-2.168700253036023e-06,-1.437208398070436e-06,1.1748147435784602e-06,90.5199966430664,167.0,0.0949999988079071,96.0,18.519868850708008,-3894.4054786882753
1758758932.3980474,0,0,0,-21.687905485921462,41.27784773265384,-227.89632179520822,0.0010049156844615936,4.4537135182980326e-05,4.045231880486632e-05,7.676721085486659e-07,-4.1059602077633185e-06,-3.2445139484300228e-06,90.2300033569336,134.0,0.0949999988079071,96.0,18.51990509033203,-12348.235354899043
1758758932.498049,0,0,0,-21.687866072521697,41.27789685204728,-227.89586818717652,0.0014854995533823967,1.0023865686548156e-05,7.63426756739521e-06,-2.279465752462049e-06,-7.793989751449918e-07,1.0645571149044222e-06,89.61000061035156,100.0,0.0949999988079071,30.0,18.52008819580078,-4280.787416041872
1758758932.598053,0,0,0,-21.687850977069164,41.277990713836125,-227.8949503704202,0.0015686149708926678,-1.9061141183499163e-05,-0.00011419490002574946,-2.352941376123179e-06,1.5495089019172803e-06,-2.6580066835267457e-06,89.61000061035156,134.0,0.0949999988079071,30.0,18.520204544067383,-9405.634459487512
1758758932.6980531,0,0,0,-21.68783486704504,41.27804110324002,-227.89504554349742,0.0006425532628782094,-2.9644640681981632e-05,-1.0877535438633872e-05,1.8357409546731474e-06,-8.64475320712243e-07,-3.4322300561377027e-06,89.58000183105469,167.0,0.0949999988079071,30.0,18.520328521728516,-13111.056357460959
1758758932.7980514,0,0,0,-21.687801802963715,41.27807264379768,-227.89471685955516,0.0010334672406315804,-9.421444664196984e-05,1.4669292502479206e-05,2.2649585077794095e-06,-3.999960725042541e-06,-8.638923118789947e-07,89.83999633789062,167.0,0.0949999988079071,97.0,18.520538330078125,-3538.4767711732925
1758758932.8980465,0,0,0,-21.68782039352281,41.27815766740021,-227.89567654485973,0.0016166113782674074,6.935452363685054e-06,-9.679652235975593e-07,-5.222219405857599e-07,4.7719493216488565e-06,3.250113323927487e-07,89.61000061035156,134.0,0.0949999988079071,63.0,18.52069091796875,-5585.366486408756
1758758932.9980693,0,0,0,-21.687840157444086,41.278261851374815,-227.895229667911,0.0010677056852728128,-2.1570240032932948e-05,-1.7668959478139966e-05,-3.335795328182345e-06,-1.2933560744456519e-06,2.7938803001138448e-06,89.9000015258789,100.0,0.0949999988079071,63.0,18.520925521850586,-16659.054218496978
1758758933.0980542,0,0,0,-21.68782805287931,41.27828938717748,-227.8951001627068,0.0007005277439020574,-1.3749178449623207e-05,1.393861715139084e-05,3.609526692422943e-06,-1.3048669303820503e-06,-4.43336409193757e-08,89.29000091552734,167.0,0.0949999988079071,29.0,18.521326065063477,-4127.4464864133415
1758758933.198045,0,0,0,-21.687855122010067,41.278254747525196,-227.89483098953275,0.0015675917966291308,4.6189753973837866e-05,8.410315550176468e-05,-1.648234678500109e-07,-7.008254014330148e-07,-1.0926187167453806e-06,90.19999694824219,100.0,0.0949999988079071,62.0,18.52136993408203,-4450.280804182181
1758758933.2980595,0,0,0,-21.687912740866828,41.278273567208835,-227.89551420029596,0.0012929183430969715,-5.93732621776845e-05,-6.483709633966743e-05,2.546197833707099e-06,-5.04473331278497e-06,1.1145555998931629e-06,90.19999694824219,100.0,0.0949999988079071,96.0,18.521316528320312,-48893.18920450521
1758758933.3980298,0,0,0,-21.687900479422357,41.27830024207913,-227.89497701808068,0.0008277138113044202,0.00010401296927586498,-3.161146171387127e-06,2.794505611785706e-06,3.1352821942130596e-06,-2.1064545233979343e-06,90.16000366210938,151.0,0.0949999988079071,80.0,18.521385192871094,-4500.107642521134
1758758933.4980478,0,0,0,-21.687849243038343,41.27834838785913,-227.8949188452366,0.0011062974808737636,-8.948318319017264e-05,5.2191995732790074e-05,3.255651583676727e-06,1.1004314515877853e-06,2.831018401528618e-06,89.94000244140625,134.0,0.0949999988079071,30.0,18.521364212036133,-9459.130832428007
1758758933.5980232,0,0,0,-21.68791205624005,41.278390110816645,-227.8943444893282,0.00182052212767303,-2.2427508015733607e-05,-1.1540924981022721e-05,6.786039082818742e-07,-1.1711881890760192e-06,-4.073912268748147e-06,89.31999969482422,100.0,0.0949999988079071,29.0,18.521394729614258,-3440.117924979115
1758758933.6980512,0,0,0,-21.688017927237766,41.27840994672458,-227.89602978721746,0.0012961829779669642,5.1836995924721134e-05,-8.062793159550107e-05,2.6753817144120313e-06,-2.27884042380421e-06,-2.7358500574374768e-06,89.58000183105469,104.0,0.0949999988079071,32.0,18.52152442932129,-3048.926386560574
1758758933.7980573,0,0,0,-21.68803757601299,41.278422201830246,-227.896503989873,0.0008444341365247965,-7.982987430380652e-05,4.7313568847324814e-05,7.516672610149392e-07,-1.3908999170544491e-08,2.841002950362967e-06,89.54000091552734,134.0,0.0949999988079071,30.0,18.52164649963379,-14052.504694745698
1758758933.8980136,0,0,0,-21.688072633859058,41.27843096488636,-227.89629975571148,0.0010774662951007485,-4.285539350696308e-05,2.7917350426717582e-05,1.0824446902475781e-06,1.0691405060771832e-06,1.8295765942619433e-06,89.87000274658203,133.0,0.0949999988079071,62.0,18.521686553955078,-6923.2324000507215
1758758933.998059,0,0,0,-21.68815904274104,41.278405780238856,-227.89629111967167,0.0004999072989448905,-3.18078986894007e-05,-9.761629802605481e-05,8.902148667668575e-07,-2.33335826004029e-06,1.0077369599424453e-06,89.58000183105469,134.0,0.0949999988079071,29.0,18.521923065185547,-5623.42104568727
1758758934.0980313,0,0,0,-21.688177175348198,41.27835724121816,-227.8961087126546,-4.930844806949608e-05,3.965401223581189e-05,-1.7793539663515302e-05,3.658142047660503e-06,1.072071804317537e-06,-1.5482639857161468e-06,89.61000061035156,134.0,0.0949999988079071,30.0,18.521955490112305,-26162.580339682034
1758758934.1980674,0,0,0,-21.68815411154698,41.27840932571138,-227.895396303452,0.0003111600235570222,-0.00013058311055330325,1.642030014989718e-05,1.5292994983117894e-06,-6.490820146285908e-07,-2.2943572909940875e-06,89.87000274658203,167.0,0.0949999988079071,62.0,18.52198028564453,-21262.54760222085
1758758934.298055,0,0,0,-21.688184735282952,41.27845643934886,-227.8956923419645,0.0006669570575468242,-4.631178966424387e-06,4.441942252018959e-06,1.5704735273701252e-07,1.3685580562453005e-06,4.2077465278080896e-07,89.58000183105469,133.0,0.0949999988079071,28.0,18.521913528442383,-3935.2629470512165
1758758934.3980374,0,0,0,-21.688232179012417,41.27847584530944,-227.89497359911195,9.529868111712858e-05,-2.107796817407197e-05,-8.765366376117364e-05,3.425118400533464e-06,-2.2280611747530973e-06,-6.108074587433522e-06,89.61000061035156,134.0,0.0949999988079071,29.0,18.521833419799805,-29684.259798198407
1758758934.4980493,0,0,0,-21.688243458800805,41.278450945948435,-227.8952779534838,-0.00027648426475934684,4.201365077304822e-05,6.757927045792235e-05,-6.530873044858242e-07,-3.5507524710182705e-06,1.8773602052652236e-06,89.61000061035156,67.0,0.0949999988079071,29.0,18.52179527282715,-13580.029657794174
1758758934.598059,0,0,0,-21.688252332192885,41.278491745401254,-227.89484500844713,0.0005530439084395766,3.477829742328235e-05,-2.9846814144291424e-05,8.856092086277734e-07,-6.982519542403383e-07,1.15473512306241e-06,89.83999633789062,156.0,0.0949999988079071,85.0,18.521757125854492,-3673.2198977399357
1758758934.6980433,0,0,0,-21.68825281821976,41.27857757901922,-227.8943913256433,3.069619560847059e-05,-9.369541504191547e-05,-0.00010075647234296357,-2.5888712179346064e-06,1.0477919788007868e-07,-3.202047147845819e-06,89.9000015258789,100.0,0.0949999988079071,62.0,18.521686553955078,-676936.6004839087
1758758934.7980587,0,0,0,-21.688215850315952,41.278579712037654,-227.8937140681374,-0.0005543041042983532,2.296592233097705e-05,1.0491043299444268e-05,1.7667785692420447e-08,2.014872979282901e-06,7.847888191908401e-07,89.58000183105469,134.0,0.0949999988079071,29.0,18.521570205688477,-5498.795739739208
1758758934.898046,0,0,0,-21.688170008693117,41.27862331440594,-227.89364829934408,0.0001398006425006315,3.234422307840856e-05,8.896886986619397e-05,-2.9625186917533315e-07,5.810550888625835e-07,-1.2527026650432346e-06,89.54000091552734,193.0,0.0949999988079071,89.0,18.52149772644043,-4771.1536967839465
1758758934.9980705,0,0,0,-21.68814398542796,41.27874491653856,-227.89391259325373,0.000509737990796566,3.15472404647219e-05,-8.868329034179248e-05,-6.632639790251945e-07,4.112842509348318e-07,9.810222644796177e-07,89.58000183105469,100.0,0.0949999988079071,29.0,18.521366119384766,73737.94572638313
1758758935.0980604,0,0,0,-21.68810988882978,41.27881213283019,-227.89383283165648,-0.0001453190197935328,-4.584019757747053e-05,-3.5468109939595696e-05,1.0025950644804678e-06,4.280451010053322e-06,-1.0239982272051074e-06,89.87000274658203,167.0,0.0949999988079071,63.0,18.5213565826416,-16303.375478486043
1758758935.1980615,0,0,0,-21.688110416471293,41.27874913372174,-227.89356435542499,-0.00010493875743122771,-1.5089519555030357e-06,4.079804400939046e-05,6.81782541710492e-06,-1.4199664928496238e-06,3.679518142436837e-07,89.58000183105469,134.0,0.0949999988079071,31.0,18.521276473999023,-5998.968194596699
1758758935.2980597,0,0,0,-21.688131157270934,41.2787308740127,-227.89368905391524,0.0001627016899874434,6.642230898939941e-05,-6.412317928383068e-05,-8.292294933708109e-07,-2.317365827207839e-06,-5.724079488580781e-07,89.25,100.0,0.0949999988079071,29.0,18.52127456665039,-43831.436381855194
1758758935.3980668,0,0,0,-21.688087078603104,41.278718133708594,-227.89322630726735,-0.0006099294987507164,4.124169897753944e-05,-3.16654865664293e-05,3.463252369730284e-07,4.6277990903347405e-06,-1.6031050858525017e-06,89.29000091552734,134.0,0.0949999988079071,29.0,18.52126121520996,-13476.84354722734
1758758935.4980547,0,0,0,-21.68799430779411,41.27867578057433,-227.8938748087691,-0.000973573187366128,-5.787308142433311e-05,5.378989013338601e-05,1.877216435664795e-06,-2.389612737445702e-06,2.690218396530946e-06,89.29000091552734,100.0,0.0949999988079071,29.0,18.521224975585938,-26174.153535645346
1758758935.5980282,0,0,0,-21.687942559666133,41.278637999474704,-227.8922908855186,-0.00029601104324683547,8.615054019790184e-05,-7.084619742620282e-06,-2.025688077945154e-06,8.834475910463547e-07,9.890626248077536e-07,89.47000122070312,100.0,0.0949999988079071,101.0,18.521114349365234,17884.818248240623
1758758935.6980612,0,0,0,-21.687879053309715,41.278638271052145,-227.89242282902126,-0.00044174224603921175,2.435011471119357e-05,-4.2567250147261934e-05,-1.7854300736134882e-06,2.69188023887928e-06,4.351324782333067e-07,89.29000091552734,58.0,0.0949999988079071,53.0,18.521156311035156,-14627.368225170354
1758758935.7980266,0,0,0,-21.68775988159523,41.27866766579942,-227.8911295904329,-0.0008500480907969177,-0.0001722663293195956,-9.428608821350773e-05,3.469474719130879e-06,5.024675364208172e-07,2.874573981650686e-06,89.0,58.0,0.0949999988079071,23.0,18.521242141723633,-11494.179792055933
1758758935.8980155,0,0,0,-21.687659603148088,41.278647946501756,-227.89097904092182,-0.0007008598186075687,2.293430672705649e-06,1.8878423664621697e-05,-5.027329943729513e-07,5.860519439130331e-07,-2.953954829388922e-07,89.25,100.0,0.0949999988079071,96.0,18.521198272705078,-16602.255870656416
1758758935.9980547,0,0,0,-21.687568276848765,41.27863226113552,-227.8912610312164,-0.0007909336127340794,5.092843909823924e-05,-9.287404665877461e-05,-6.06672023146681e-07,-5.527769695663768e-07,2.7065656709749487e-06,89.25,100.0,0.0949999988079071,96.0,18.521291732788086,-22518.99285831564
1758758936.098056,0,0,0,-21.6874414318602,41.27864679054209,-227.89100840802485,-0.0012090661330148578,4.572026199212214e-05,-3.851648862069962e-05,1.361230545248849e-06,-3.887172464639073e-07,1.626263255333501e-06,89.25,100.0,0.0949999988079071,68.0,18.521434783935547,-6685.50173600511
1758758936.1980362,0,0,0,-21.687371097792905,41.27865880834921,-227.891665635967,-0.0012069892836734653,-0.00012521752863847867,-5.4198766128858066e-06,2.253239223697636e-06,5.172125620091993e-06,3.795746867933943e-07,89.54000091552734,189.0,0.0949999988079071,85.0,18.52155113220215,-7899.239019945491
1758758936.2980695,0,0,0,-21.687337535385385,41.27864108792826,-227.89209888688305,-0.001078205183148384,-6.065189673461797e-05,-2.2233596299417815e-05,-3.4427315720479313e-06,-2.3242971343810673e-06,-2.3370774592634943e-06,89.25,134.0,0.0949999988079071,29.0,18.521366119384766,-3919.795629110434
1758758936.3980687,0,0,0,-21.687310992334794,41.278612794182074,-227.89298257820855,-0.0010641557164490223,6.505071556793621e-05,-4.7929879845555084e-05,-2.8731920175301723e-06,5.683792168260829e-06,-3.6302070462159696e-06,89.29000091552734,100.0,0.0949999988079071,30.0,18.521236419677734,-8376.13068128153
1758758936.4980595,0,0,0,-21.687251324168937,41.27862005770444,-227.8928090801425,-0.0008369613788090646,3.728318213240487e-05,1.7218120081975413e-05,-7.466953830846274e-07,2.9532026287524572e-06,-5.084917391187196e-08,89.0,134.0,0.0949999988079071,29.0,18.52109718322754,-4381.333337041932
1758758936.5980241,0,0,0,-21.687166560716893,41.27866451658793,-227.8925475224092,-0.0008550779893994331,-2.184543469357947e-05,-4.039009604515715e-05,-3.934052126348905e-06,1.3377041642128875e-06,1.156568406262178e-06,89.0,111.0,0.0949999988079071,7.0,18.52100944519043,-213660.90443466455
1758758936.6980453,0,0,0,-21.687071434283737,41.27869509323049,-227.89320909073,-0.0009880560683086514,4.172126340203083e-05,-8.561115845025649e-05,-6.255834310297862e-07,6.957893375207673e-07,-1.573891516422336e-06,89.22000122070312,128.0,0.0949999988079071,64.0,18.520954132080078,-62905.27131024028
1758758936.798055,0,0,0,-21.68694822528586,41.27873209721628,-227.89284168455902,-0.0009117189911194146,3.0188981383496247e-05,5.411270773147889e-05,-3.973382985874518e-06,1.4257721065247804e-07,9.066184625515945e-07,89.25,136.0,0.0949999988079071,65.0,18.520780563354492,-5893.201737752674
1758758936.8980498,0,0,0,-21.68681989666796,41.27881207165931,-227.89316527235258,-0.0006077326834201813,-7.450036672513259e-06,-1.0085161321640209e-05,-4.805009804397535e-07,8.023944303793324e-07,-1.5028660181323773e-06,89.54000091552734,133.0,0.0949999988079071,63.0,18.520681381225586,14416.396907022649
1758758936.998043,0,0,0,-21.686695609979825,41.278875270178034,-227.8936870971284,-0.0007363318582065403,1.826729778574724e-05,-1.2198941136378596e-05,9.56317544595151e-07,-3.475966550085911e-06,1.2089573084763336e-06,89.54000091552734,134.0,0.0949999988079071,96.0,18.520578384399414,-5508.390933038141
1758758937.0980268,0,0,0,-21.686622337010498,41.278893452634016,-227.8937595284803,-0.0008209437946788967,6.81036646697403e-05,3.948712855105024e-05,3.875830139580077e-06,-2.981162061682283e-07,-3.907559651963635e-06,89.29000091552734,67.0,0.0949999988079071,29.0,18.520429611206055,7934.194660056819
1758758937.1980658,0,0,0,-21.686648765299807,41.278880596810595,-227.89367918999358,-0.0005191277014091611,-0.00010544463885808101,-3.425883419090664e-05,5.699650230631597e-06,-3.7835041599287282e-06,2.70147372681783e-06,89.22000122070312,104.0,0.0949999988079071,33.0,18.520360946655273,-74283.8761719745
1758758937.2980745,0,0,0,-21.686692284069046,41.27884596031243,-227.89316909135107,-0.0004897837061434984,-3.666196883298623e-05,-5.82304638282654e-05,4.605227583717612e-07,-1.3700663516616882e-06,-1.0953045443166003e-06,89.54000091552734,169.0,0.0949999988079071,64.0,18.520362854003906,-7169.1773578511675
1758758937.398061,0,0,0,-21.686705439783143,41.278795377997255,-227.89386063758502,-0.000952291302382946,1.26135403707724e-05,6.62219892543616e-06,6.964859904501237e-07,4.393030719257415e-06,1.1489994592447958e-07,89.87000274658203,167.0,0.0949999988079071,96.0,18.52033233642578,14089.501214422116
1758758937.498046,0,0,0,-21.686714097111487,41.278732189052214,-227.8932367020384,-0.0006419767742045224,-8.450891275635956e-05,4.000996412194486e-05,-2.213033691307006e-06,-2.0974609034734605e-06,-1.8330576946101722e-06,89.54000091552734,152.0,0.0949999988079071,47.0,18.5202579498291,-15813.210929366733
1758758937.598057,0,0,0,-21.686781124448434,41.2786531578492,-227.89265986429115,-0.0005120442365296185,3.936478615902461e-05,-0.00011420172539975659,2.3179404942297433e-07,1.2054948792133757e-06,1.738490137360699e-07,89.58000183105469,134.0,0.0949999988079071,62.0,18.520240783691406,-9707.017052695955
1758758937.6980402,0,0,0,-21.686808451399614,41.27855778528044,-227.8934204274238,-0.0010380330495536327,1.48637133720025e-05,2.522680750594249e-06,-2.2763207915382365e-07,1.6730193439542763e-06,-1.5423365749221884e-06,89.58000183105469,104.0,0.0949999988079071,33.0,18.52029037475586,-9493.813696058
1758758937.798037,0,0,0,-21.686818655465235,41.27847934830783,-227.8930101146649,-0.0006477356073446572,8.635314929630606e-05,8.877257732995919e-05,-2.984738893782151e-06,-1.8034798870667e-06,-8.781533064452308e-07,89.9000015258789,104.0,0.0949999988079071,96.0,18.52020835876465,63588.34111875995
1758758937.898018,0,0,0,-21.686875659273074,41.2783959965394,-227.89411635921164,-0.0003607786202337593,1.8304748824741702e-05,-8.820113017617564e-05,2.8373795813100552e-06,1.063888153456621e-07,-3.6822961259393677e-06,89.94000244140625,67.0,0.0949999988079071,29.0,18.520278930664062,-34290.9204353379
1758758937.9980354,0,0,0,-21.686882383425637,41.278303509052755,-227.8939898449325,-0.001355880405753851,8.732779165134249e-05,-2.7694044218555083e-05,1.2154886302584044e-06,-2.752355748619361e-07,-1.7669741750324056e-06,90.2300033569336,192.0,0.0949999988079071,88.0,18.520368576049805,13567.771613445231
1758758938.0980375,0,0,0,-21.68685659428727,41.278215418070545,-227.89415365437708,-0.0014003037940710783,2.7448533387670693e-06,6.528821125338252e-05,7.905410442874037e-07,1.1035187526439166e-07,2.0044980918234448e-06,90.2300033569336,115.0,0.0949999988079071,63.0,18.520334243774414,-10040.964538749258
1758758938.1981018,0,0,0,-21.686917764030596,41.27824501254162,-227.89349118212704,-0.000776326865889132,-2.9680595319292425e-05,1.7234704004277557e-07,-2.195875125138447e-06,2.0998205781677236e-06,-6.798042666830697e-07,89.94000244140625,134.0,0.0949999988079071,29.0,18.520484924316406,25493.875144639183
1758758938.2980652,0,0,0,-21.68701612289495,41.27825752697336,-227.8933628508372,-0.0009130373946391046,7.428676285182721e-05,-9.448477866443484e-05,-3.612322747939069e-07,7.767508354039036e-07,1.938769297274341e-06,89.94000244140625,100.0,0.0949999988079071,29.0,18.520545959472656,-299349.38503556757
1758758938.398041,0,0,0,-21.687047251689922,41.2782576124902,-227.89340036803765,-0.0013536374317482114,-0.00013488984441620733,3.5482577132058944e-05,2.9312002369559923e-07,-2.688285303965985e-06,5.100528992385846e-06,89.58000183105469,100.0,0.0949999988079071,62.0,18.520584106445312,-10159.745152234986
1758758938.4980597,0,0,0,-21.68711469169376,41.27825856964315,-227.89295695596786,-0.00014953063509892672,1.4266913229024063e-05,-3.79292742964196e-05,-5.0170130787568415e-06,-4.4890173354025147e-07,1.1512991063544776e-06,89.9000015258789,67.0,0.0949999988079071,96.0,18.520503997802734,20064.48415654247
1758758938.5980613,0,0,0,-21.687202133321453,41.27831275554483,-227.89223791118468,-0.00036538741551339626,-6.015319214111506e-05,-2.7183755571213652e-05,-7.077604762772086e-07,1.7344229746144275e-06,2.9438363528718824e-07,89.9000015258789,134.0,0.0949999988079071,62.0,18.52053451538086,21970.871551130174
1758758938.6980486,0,0,0,-21.68724055691631,41.2783371243147,-227.8928060408037,-0.0008486753213219345,-1.33619380582344e-06,-2.0251672625753333e-06,4.787661162034485e-06,1.0316117792795027e-07,-2.222147162738868e-07,89.87000274658203,136.0,0.0949999988079071,65.0,18.520578384399414,-9842.854659644849
1758758938.7980595,0,0,0,-21.68727482495662,41.27829498447451,-227.89340401292844,-0.0007023880607448518,6.9572018471258e-06,5.9624044630545e-05,-1.6895463809771846e-06,1.5021026886671382e-06,-3.017974256032827e-06,89.87000274658203,134.0,0.0949999988079071,96.0,18.520490646362305,16816.6524137724
1758758938.89806,0,0,0,-21.687322657075136,41.27830143848961,-227.89313673064748,-0.0002025485591730103,6.477782406639798e-06,3.193487311109916e-05,1.314233047431747e-06,1.5527969500301547e-06,3.6388218180571213e-06,89.29000091552734,134.0,0.0949999988079071,62.0,18.52048683166504,-13994.237693094661
1758758938.998035,0,0,0,-21.687372250467483,41.27831137834947,-227.89249722687606,-0.00036097035626880825,-8.792802784587098e-05,-7.25851752844886e-05,5.500308969810896e-06,-1.600580410366508e-06,1.9340733720862333e-06,89.29000091552734,100.0,0.0949999988079071,29.0,18.52053451538086,-10727.475456376138
1758758939.0980768,0,0,0,-21.6874028150316,41.27829139391571,-227.89175854992106,-0.00048384483670815825,2.8248542759448216e-05,1.6723820610378947e-05,-2.2841660948631873e-06,-4.653257713109305e-06,1.0384010533752788e-06,89.22000122070312,203.0,0.0949999988079071,99.0,18.520549774169922,34440.23029880857
1758758939.1980693,0,0,0,-21.687414858993073,41.27835075870578,-227.89099859117357,0.0002720537013374269,-9.259040327262442e-05,-5.020364633894044e-05,-4.7804873907854795e-06,-9.913532699358132e-07,2.037229353932879e-06,88.95999908447266,90.0,0.0949999988079071,20.0,18.520523071289062,-23806.153128298847
1758758939.2980318,0,0,0,-21.68745406960503,41.27840253898511,-227.89108740722878,-0.0006917614373378456,0.0001202045817317612,-0.00016187286358379722,3.096157207275719e-06,7.832973399177501e-07,-4.645902276810154e-07,88.93000030517578,116.0,0.0949999988079071,92.0,18.52053451538086,-9561.076534050277
1758758939.3980544,0,0,0,-21.687363770105403,41.27837905546451,-227.8918145604465,-0.0015437405090779066,0.00010336438509895592,0.0001550060476862228,9.30818630264338e-06,-1.8502230208582872e-07,3.545228725357537e-06,88.63999938964844,130.0,0.0949999988079071,59.0,18.520343780517578,8521.3401265786
1758758939.4980223,0,0,0,-21.687272916470057,41.278452702717935,-227.89153618811275,0.00016759401478338987,-2.6603673429505075e-05,8.187875786465426e-05,1.3945903041401468e-06,6.099073589733652e-06,1.4268842904601723e-06,88.5999984741211,104.0,0.0949999988079071,66.0,18.52016258239746,-6369.939642176604
1758758939.5980387,0,0,0,-21.687293171208946,41.27858394537648,-227.89147914395278,0.000605915323831141,-0.00014044571595554472,-0.0003414057145437338,-2.4695513418041066e-06,-8.311391250429631e-06,6.113508465932677e-06,88.8499984741211,104.0,0.0949999988079071,91.0,18.520122528076172,-448684.3395790587
1758758939.698021,0,0,0,-21.687285241609427,41.27859971104094,-227.8896307380396,-0.0011935236398130655,5.116636832651222e-05,-2.2156332855919086e-05,4.023664764645389e-06,-5.687606951295668e-07,-7.556183668366147e-07,89.22000122070312,106.0,0.0949999988079071,96.0,18.520151138305664,22602.98312390521
1758758939.7980404,0,0,0,-21.68719812522807,41.278607852885614,-227.8899755278353,-3.816984826698899e-05,0.0001780462309768691,0.00027046418573479483,-1.235967751638546e-06,1.2357026248520896e-06,3.529733206890152e-06,89.22000122070312,146.0,0.0949999988079071,75.0,18.519987106323242,15684.511017649445
1758758939.898055,0,0,0,-21.687134648448694,41.27881657138968,-227.88872109852053,0.0011012738104909658,-0.0001372229963136746,-7.870788197015567e-05,-6.963834902722088e-07,-1.8853042044343538e-07,1.2944265204017603e-06,89.29000091552734,100.0,0.0949999988079071,29.0,18.51985740661621,-5374.059253830246
1758758939.9980493,0,0,0,-21.68712785899288,41.2789445162195,-227.88935378687108,-0.00023629923816770315,-9.168991375078203e-05,-7.93831179288621e-05,5.681660629302706e-06,-4.193472867163588e-06,-5.355680415207773e-07,88.95999908447266,81.0,0.0949999988079071,82.0,18.519899368286133,-10448.858973164084
1758758940.098062,0,0,0,-21.687101548737964,41.278929354497066,-227.88849595281857,-0.0007747412892058492,8.337514029293263e-05,0.00010817340721005887,2.562030801555665e-06,7.805688365503961e-08,8.930449821443265e-08,89.25,103.0,0.0949999988079071,96.0,18.519817352294922,7985.056441448222
1758758940.1980662,0,0,0,-21.68707013653878,41.27903132463083,-227.88800866441818,0.0013179648667573929,5.631316827771561e-05,0.00011048889930265112,-1.1836770476799663e-06,2.9636707678347582e-06,-4.0271035314286486e-07,88.95999908447266,67.0,0.0949999988079071,97.0,18.519685745239258,-8462.307957677845
1758758940.2980685,0,0,0,-21.687077433362155,41.279296952945984,-227.88878909972368,0.0006566239171661437,-6.734242353899333e-05,-5.98136176370487e-05,-1.1230796365526699e-06,2.205813325737193e-06,-9.069668935366688e-07,89.22000122070312,89.0,0.0949999988079071,100.0,18.519824981689453,16242.483105183253
1758758940.398067,0,0,0,-21.6870789932377,41.27941612795781,-227.88936053455535,0.0006973545532673597,-6.63864168440924e-05,-3.0008063994022722e-05,-2.4018312443774945e-06,-2.4514175883839632e-06,4.42695640299392e-07,89.25,89.0,0.0949999988079071,63.0,18.520057678222656,-7108.856756786346
1758758940.4980297,0,0,0,-21.68709887419236,41.27955176724472,-227.88903241784027,0.0004611097974702716,0.00016465956740161836,5.400679909364943e-07,2.924963535418042e-06,8.824129674531815e-06,7.984919664269956e-08,89.25,134.0,0.0949999988079071,62.0,18.520193099975586,26713.166979744557
1758758940.598085,0,0,0,-21.687048073034866,41.27974898145489,-227.88958444512053,0.0009479853906668723,6.992347199687641e-05,1.3310881295479427e-05,-1.8451332564995087e-07,1.0335865253789046e-05,-1.5008885467819504e-06,89.25,167.0,0.0949999988079071,63.0,18.520267486572266,34273.08254829754
1758758940.6980605,0,0,0,-21.686974408550988,41.279977587832796,-227.89046289198046,0.0005133769009262323,-0.00011929776328890348,1.0057783955706562e-05,9.039941474114893e-08,-3.280490309367923e-07,-1.7484488042176094e-06,89.22000122070312,103.0,0.0949999988079071,32.0,18.520471572875977,843851.5203258932
1758758940.7980514,0,0,0,-21.68695293704925,41.28010730896802,-227.890923749156,0.0004838313034269959,2.3947973931890003e-05,-2.110366463585877e-05,7.73438982690767e-07,-3.806849378349442e-06,-4.14608231972054e-06,89.22000122070312,127.0,0.0949999988079071,96.0,18.52053451538086,72387.61116990219
1758758940.898043,0,0,0,-21.686965345040424,41.28021642208311,-227.89127164454754,0.0011894931085407734,4.2511981409736796e-05,5.486407364477452e-05,-2.010972701757791e-06,-1.8207084413335214e-06,-5.33638745158799e-06,88.95999908447266,134.0,0.0949999988079071,63.0,18.52053451538086,-24592.89732237385
1758758940.9980564,0,0,0,-21.686984945299805,41.28041457899435,-227.89240902975104,0.0011925927828997374,-3.82483861232499e-05,-0.00010232303462281875,-3.5757504708465813e-06,8.744868785281612e-06,-4.970263732895057e-06,89.51000213623047,106.0,0.0949999988079071,96.0,18.520654678344727,-7823.714466547126
1758758941.0980692,0,0,0,-21.68698488495114,41.28052383066755,-227.89301055744778,0.0005004586419090629,-0.00010274495289443598,-4.675347540201324e-05,2.8758980439584687e-06,-1.862025277041048e-06,-2.6341313586031156e-07,89.22000122070312,138.0,0.0949999988079071,34.0,18.520761489868164,-42657.2961992272
1758758941.1980686,0,0,0,-21.687011720648766,41.2805488774729,-227.89277993039678,0.001090919366106391,-7.687362925003585e-05,8.995283853958894e-05,-3.580710222403055e-08,-3.6590741667324077e-06,2.5595072366346236e-06,89.54000091552734,105.0,0.0949999988079071,68.0,18.520750045776367,-8987.452666658795
1758758941.2980611,0,0,0,-21.687073189801964,41.280625245511445,-227.89173768201152,0.0010555721819400787,8.502557301902136e-05,-2.1457481212811916e-05,1.6711683408635663e-06,3.333738542576207e-06,3.4461076298872687e-06,89.54000091552734,106.0,0.0949999988079071,96.0,18.520801544189453,-8370.571626913077
1758758941.3980277,0,0,0,-21.687037943636902,41.28073520144043,-227.89077148463525,0.00024820255930535495,1.5075922245550341e-05,-5.533144137728844e-05,6.583807519121823e-06,1.0103099765640967e-05,-3.601819899838798e-06,89.58000183105469,167.0,0.0949999988079071,96.0,18.520816802978516,17881.994529440162
1758758941.4980557,0,0,0,-21.686954181467108,41.28084252727446,-227.89171979761568,0.00045459563261829317,-6.096748678589938e-05,4.612423490389641e-05,-5.456367399321634e-07,2.880529911081922e-07,-6.444790452152043e-07,89.58000183105469,100.0,0.0949999988079071,96.0,18.520692825317383,-7645.768701299411
1758758941.598055,0,0,0,-21.686954328737286,41.28096741954237,-227.8927024764888,0.001193544245325029,6.626827808499138e-05,3.8019942791407406e-05,-2.370995434305333e-06,-2.3539620283156117e-07,2.1701130564725385e-07,89.83999633789062,101.0,0.0949999988079071,63.0,18.520580291748047,-10736.589784281976
1758758941.6980505,0,0,0,-21.6869593076503,41.28112182519862,-227.892489562619,0.0007041873759590089,4.837258875209053e-05,-6.746938921276164e-05,-3.3778484750841047e-06,3.5737884185432582e-06,-5.039433626583568e-08,89.61000061035156,100.0,0.0949999988079071,29.0,18.52051544189453,17137.534029430903
1758758941.7980585,0,0,0,-21.68686032595176,41.28131129539541,-227.89225980865876,0.0006351643824018538,-3.278449927742468e-05,2.4839608002458727e-05,6.679779828704205e-07,-1.3070404126060675e-06,4.027797987789918e-06,89.87000274658203,131.0,0.0949999988079071,84.0,18.52052879333496,8066.727839885548
1758758941.8980439,0,0,0,-21.68676922725713,41.28152608297538,-227.89162216506378,0.0007543858955614269,-7.02546831062592e-05,-5.413891624753225e-05,6.264822800268876e-08,1.5699192556986589e-06,-9.85894689034168e-07,89.9000015258789,115.0,0.0949999988079071,101.0,18.520517349243164,9738.335623964796
1758758941.998034,0,0,0,-21.68672324451842,41.28169488606294,-227.8911768112793,0.0003678098146338016,8.48659881613253e-05,-0.00030241896391963946,-1.9932754872802177e-06,-5.528340558947096e-06,-1.5830610228341428e-06,89.61000061035156,127.0,0.0949999988079071,63.0,18.520479202270508,63796.52802121021
1758758942.098079,0,0,0,-21.686622797533918,41.28178472706262,-227.89078679017558,-0.0009667007834650576,8.964593981641988e-05,4.3514420465066e-06,4.3760201254644105e-06,3.410299257721411e-06,-4.138798899749856e-06,90.2300033569336,108.0,0.0949999988079071,37.0,18.520427703857422,11864.804191191217
1758758942.198077,0,0,0,-21.68652570762179,41.28185361764261,-227.8905699255443,0.00022013251145835966,-7.5820202705156225e-06,0.00013084761054773896,-2.1450697687257578e-06,3.1367624335021615e-06,7.478457094733363e-07,90.2300033569336,134.0,0.0949999988079071,30.0,18.520362854003906,94669.1098521553
1758758942.2980697,0,0,0,-21.686475732254387,41.28199046598516,-227.89107385444305,0.0002587563940323889,-9.730096921372857e-05,-8.114222443829541e-05,-5.917754969893827e-07,-3.974822650496453e-06,-1.0188195448137073e-06,90.2300033569336,100.0,0.0949999988079071,29.0,18.520462036132812,29430.974147604265
1758758942.3980608,0,0,0,-21.686416428374066,41.28203188656471,-227.89175190093198,-0.0007919679046608508,1.0837098705963553e-05,-6.402542268310534e-05,2.0375873989516923e-06,-1.7639907730092016e-06,1.5730110026771356e-06,90.5199966430664,71.0,0.0949999988079071,100.0,18.520570755004883,18770.118467439133
1758758942.4980316,0,0,0,-21.686286161518233,41.28206333607009,-227.89278702401236,-0.0004431147826835513,3.5320449007513456e-05,0.0001801200673381716,1.1476652043028287e-06,1.25450632505617e-06,2.1135276410089976e-06,90.58000183105469,100.0,0.0949999988079071,62.0,18.520673751831055,12527.925647967468
1758758942.5980577,0,0,0,-21.686213418715727,41.28223332571415,-227.89212252617375,0.0013013180578127503,0.00017417578552003475,-0.00010408699829643141,-6.73731039821768e-06,8.121427377149301e-06,-1.3775580218770542e-06,91.1500015258789,162.0,0.0949999988079071,91.0,18.520742416381836,-37836.17652954106
1758758942.6980455,0,0,0,-21.68611403572491,41.28244842635539,-227.89249316592623,8.404148684348911e-05,-1.504699740291554e-05,-0.00015007848161359313,8.162840209776358e-07,-1.1005480933010554e-06,1.653662774401976e-06,91.5,167.0,0.0949999988079071,96.0,18.52097511291504,-6494.450080330792
1758758942.7980225,0,0,0,-21.68593576575805,41.28257141424707,-227.89252862192825,-0.0005465354188345373,-2.0346530306130753e-05,3.183179109940989e-05,1.1419510852357932e-06,-1.4329836019475467e-06,-9.052441851811076e-07,91.20999908447266,167.0,0.0949999988079071,29.0,18.521074295043945,10197.840171178023
1758758942.8980472,0,0,0,-21.685801756591186,41.28272275451031,-227.89220948021568,0.000916051387321204,7.737106311142594e-05,7.699590848811848e-05,-2.7665573877709758e-06,-1.619562713103358e-06,1.9295002894818643e-07,91.20999908447266,129.0,0.0949999988079071,58.0,18.52106475830078,-26262.39370005237
1758758942.9980614,0,0,0,-21.68567374030728,41.28298774051319,-227.89235673465174,0.0007213446078822017,0.0002592711490218087,-0.00020129509585709138,-1.1527485545474303e-06,4.17529637150944e-06,-5.495083520950549e-06,90.91000366210938,167.0,0.0949999988079071,96.0,18.52129554748535,-5504.537888384559
1758758943.098027,0,0,0,-21.685524688027826,41.28313399663927,-227.89342823687065,-0.0003520250029396266,-5.692250126888219e-05,3.994166928235223e-05,2.1137077358822458e-06,2.6720449530333586e-06,-7.424981212347907e-07,91.20999908447266,167.0,0.0949999988079071,63.0,18.52144432067871,10532.376834324503
1758758943.1980603,0,0,0,-21.685609735465018,41.28304885964929,-227.8919853203396,0.0008278467576019466,2.0995022379094954e-05,0.0001410205539962959,-5.03719305684811e-07,-2.1798995629436375e-06,-2.4617137132113523e-06,90.87999725341797,154.0,0.0949999988079071,97.0,18.521484375,-7003.566037703042
1758758943.2980611,0,0,0,-21.685763972025704,41.2829911908622,-227.89077268174714,0.0005913089262321591,7.361589368398266e-05,-5.1198132638550486e-05,-1.244476713284886e-06,-1.6717343933397447e-07,-4.0927470933255066e-06,90.87999725341797,130.0,0.0949999988079071,60.0,18.521461486816406,-4599.068893613276
1758758943.3980613,0,0,0,-21.68579592819956,41.282944765974804,-227.8903023932245,-0.00029158362303860486,0.00014445514730336526,-0.0001653409151649913,1.2442083397777515e-05,2.563015983159883e-06,-5.619801871360445e-07,90.87999725341797,167.0,0.0949999988079071,96.0,18.521467208862305,14316.023132022881
1758758943.498047,0,0,0,-21.68572081264448,41.282921229085076,-227.8894240388703,-1.921078728628345e-05,-1.9562027504894758e-05,9.616676789023821e-05,1.0114806427660687e-06,2.398705327851162e-06,2.1865688532010559e-07,90.55000305175781,134.0,0.0949999988079071,63.0,18.521100997924805,-10455.904114977187
1758758943.5980139,0,0,0,-21.685712756709027,41.28297798379224,-227.8892867405188,0.0011762639041990042,-7.686368847331749e-06,-5.071502782921086e-05,-2.0637022139613e-06,-4.5966590179997795e-06,-3.2586588788922056e-06,90.8499984741211,134.0,0.0949999988079071,97.0,18.520923614501953,-9955.220174164626
1758758943.6980457,0,0,0,-21.68573408505115,41.283042773434836,-227.88935800200267,0.00020941541879437864,5.4453837634048246e-05,-0.00012353532966501,-6.891604022035594e-07,1.733234043195266e-06,-3.0486172529125143e-06,91.1500015258789,134.0,0.0949999988079071,96.0,18.520931243896484,15422.622003079463
1758758943.7980168,0,0,0,-21.685686111716045,41.28305818089852,-227.8900163720832,-0.0003906882193405181,0.00018765459975057482,3.725662998326428e-05,7.527884323030633e-06,1.0621724420486103e-06,-4.524019083725866e-06,91.1500015258789,203.0,0.0949999988079071,65.0,18.520631790161133,-10742.593361556574
1758758943.8980415,0,0,0,-21.685544093083124,41.28316820204142,-227.8906657602053,0.0007112515741027892,-3.1840620434345454e-05,6.90567261459427e-05,-5.333117839852612e-08,1.1296974149951366e-06,1.478635737635022e-06,91.1500015258789,185.0,0.0949999988079071,81.0,18.520458221435547,39988.94632142195
1758758943.9980273,0,0,0,-21.685435697720266,41.28338300367734,-227.89009761175436,0.00042604972259141505,-3.3002984516101314e-05,-0.00011142070570482952,2.7556141216712844e-07,1.4041308597355226e-06,-5.84096036708737e-07,90.58000183105469,67.0,0.0949999988079071,30.0,18.52022933959961,-17071.04065610288
1758758944.0980544,0,0,0,-21.685391095844032,41.28340012891817,-227.88970328557667,-0.0006686194683425128,0.00010173941064552702,2.5983327582094363e-06,4.2840379957165186e-06,1.5553313799146774e-06,5.980004794762234e-07,91.18000030517578,67.0,0.0949999988079071,63.0,18.520145416259766,-39069.11489590879
1758758944.1980627,0,0,0,-21.68541199824958,41.283329903868164,-227.88948991457858,-0.00016525929095223546,0.00011392072571365125,0.0002469678710655837,-6.732320797275909e-07,6.194927087267869e-06,-6.513520053470443e-06,91.4800033569336,167.0,0.0949999988079071,62.0,18.519939422607422,6587.035620885446
1758758944.2980642,0,0,0,-21.685434614907194,41.28336171117972,-227.8900976748692,0.0003200125938747078,-2.0880767357938764e-05,-7.396797490017158e-05,-1.8389958739703004e-06,2.1158050846252098e-06,2.526599102738363e-07,91.2300033569336,100.0,0.0949999988079071,29.0,18.519882202148438,-12638.49660621282
1758758944.3980618,0,0,0,-21.685434414594496,41.28336691380207,-227.89007922016555,-0.0005423145485110581,-0.00012896646659456748,-9.18626409510291e-05,-2.5198625899405754e-06,9.747161107190608e-07,3.5023601242179233e-06,90.94000244140625,67.0,0.0949999988079071,30.0,18.519874572753906,5355.235784752489
1758758944.498017,0,0,0,-21.68542081692025,41.28330998296033,-227.89134348885432,-0.0006605036905966699,0.00011760453574466411,9.167568233508089e-05,2.4973211763661236e-06,-1.2754250641453896e-06,-8.664412509084798e-07,90.91000366210938,134.0,0.0949999988079071,63.0,18.519805908203125,12405.874959380495
1758758944.5980449,0,0,0,-21.685380002755984,41.28333348338707,-227.8913518781821,-0.00015677549527026713,0.00019189724222675247,-2.890013901671688e-05,-4.208539374669185e-06,-6.092720331720539e-07,-1.1068669268945564e-06,91.4800033569336,165.0,0.0949999988079071,94.0,18.519702911376953,-29873.218544909272
1758758944.6980402,0,0,0,-21.68526875766837,41.28342192194539,-227.8908827619664,-0.0007771888631395996,-4.434816075884801e-05,-6.585109909829636e-05,4.541235596015445e-06,3.2170582363671725e-06,1.0268312766695059e-06,91.20999908447266,95.0,0.0949999988079071,99.0,18.519607543945312,9691.354785178319
1758758944.7980447,0,0,0,-21.685094575369362,41.28345269155502,-227.8913344437246,-0.0011609828798100352,-2.1971428472876195e-05,0.00013173650647680974,3.680156685359046e-06,-1.5490756052197113e-06,-6.31052262722501e-07,91.52999877929688,134.0,0.0949999988079071,62.0,18.51944923400879,6653.699423133058
1758758944.898042,0,0,0,-21.684987897859845,41.283504888233715,-227.890516029806,8.505262667313218e-05,9.536926309578922e-05,-2.0721616171535223e-05,-1.5447601306442202e-06,-4.1527775835045265e-07,7.733280473449385e-07,91.52999877929688,167.0,0.0949999988079071,62.0,18.519268035888672,-9634.395616924257
1758758944.9980533,0,0,0,-21.684851922887166,41.283632827869795,-227.89089266287243,-0.00037837118725292385,0.00012388775965348065,-4.839430320349988e-05,-2.1667090084295647e-06,-1.777713002849572e-06,-5.240889033494763e-06,91.52999877929688,134.0,0.0949999988079071,29.0,18.519195556640625,6142.655359872846
1758758945.0980763,0,0,0,-21.684709249673325,41.283705278002174,-227.89138097254136,-0.0010378279257565737,2.6369163179142505e-05,5.2122102182204855e-06,-1.0138147545090228e-06,9.87055545728933e-10,-6.745988743293194e-08,91.52999877929688,133.0,0.0949999988079071,96.0,18.519105911254883,6074.834346315478
1758758945.1980555,0,0,0,-21.68485428274106,41.28356898817575,-227.890732860698,-0.0002861213870346546,-7.659432702876634e-05,0.00012824912816030738,1.7859446605631648e-06,-8.433667331020511e-06,-2.1698508077216557e-06,90.94000244140625,78.0,0.0949999988079071,29.0,18.518999099731445,91476.9162808723
1758758945.298065,0,0,0,-21.685046023860473,41.28346826014946,-227.8903929848865,-8.549550693714991e-05,2.6541702929543827e-06,-3.5835461039702656e-05,-3.2614485376264325e-06,1.6517606539758816e-06,-3.925163315733119e-06,91.2300033569336,67.0,0.0949999988079071,30.0,18.519121170043945,5597.704300744751
1758758945.3980308,0,0,0,-21.68519697471431,41.28335322677903,-227.89072955176152,-0.0006773972418159246,0.00010544252557035611,0.0001225339219500957,2.8148877091853293e-06,3.8472103151598246e-07,-1.713305590258849e-06,91.52999877929688,67.0,0.0949999988079071,30.0,18.519207000732422,10078.668887775364
1758758945.4980624,0,0,0,-21.68532425945638,41.28329642070788,-227.891516824031,0.0003092313709203154,2.1087490404618166e-05,-1.7270879591173036e-05,-1.2788895002317249e-06,1.6262725820523014e-06,1.7558548301994983e-06,91.83000183105469,106.0,0.0949999988079071,62.0,18.519214630126953,-9084.495682713055
1758758945.598046,0,0,0,-21.685409719349266,41.28331545717375,-227.890011484563,-2.5996327167376876e-05,-0.0001548454442793622,-0.00015285569309160144,2.905689919880667e-06,-7.921069647599534e-07,2.53076568307033e-06,91.80000305175781,162.0,0.0949999988079071,101.0,18.519302368164062,8652.613089506487
1758758945.6980195,0,0,0,-21.685501140297312,41.283226841500756,-227.88942924091134,-0.0006046246853657067,3.902783798161692e-05,6.70869771008015e-05,-3.3429062976282984e-07,-4.9999639052039065e-06,-8.411082818595261e-08,91.52999877929688,134.0,0.0949999988079071,30.0,18.51942253112793,8762.906140353076
1758758945.7980494,0,0,0,-21.685604168091814,41.28317512972332,-227.88983270757933,0.00013584289990831167,0.00010290465972546392,1.1268123971742016e-05,-1.0807763056101712e-06,2.1397865131278727e-06,3.25631765392273e-07,91.26000213623047,167.0,0.0949999988079071,29.0,18.519412994384766,-35326.04602246504
1758758945.8980386,0,0,0,-21.685617915440822,41.28322257530801,-227.8885474668117,-0.00019840284949168563,-6.844983695929584e-05,-9.161351306038478e-05,1.7886729283768857e-07,2.0901856509292593e-06,3.091128904645002e-06,91.80000305175781,167.0,0.0949999988079071,96.0,18.519500732421875,13359.148938807444
1758758945.9980178,0,0,0,-21.685636264623245,41.283176492194244,-227.88872003459386,-0.0007273679948411882,8.313302270409901e-05,-2.2277900569428604e-05,-1.2023945190897548e-06,8.921327003090605e-07,2.7809480131659366e-06,91.86000061035156,153.0,0.0949999988079071,96.0,18.519559860229492,29451.548732625146
1758758946.0980318,0,0,0,-21.685671956442675,41.28311174793174,-227.88844988730693,-0.0005858685472048819,7.128022207581372e-05,4.962244842956163e-05,2.7635654219204405e-07,-1.6574114418865723e-06,2.5286665709623244e-06,91.86000061035156,134.0,0.0949999988079071,96.0,18.519479751586914,-173173.0790518438
1758758946.1980646,0,0,0,-21.68571859511812,41.283150088468915,-227.88815671226416,0.00013464891526382416,9.426664002460609e-05,3.0294360075117226e-05,-5.065822227971804e-07,3.8507709903357914e-06,-1.911403327210375e-06,91.26000213623047,134.0,0.0949999988079071,29.0,18.519515991210938,-6246.8265458779715
1758758946.2980416,0,0,0,-21.685751882933168,41.28322319060076,-227.88809960924175,-0.00015151886327657849,3.221225561198374e-05,-7.177246470951133e-05,-2.2648566877575187e-06,-5.09604063150676e-06,9.621387949509933e-07,91.52999877929688,134.0,0.0949999988079071,30.0,18.51954460144043,-8151.99267020188
1758758946.398035,0,0,0,-21.68575197290371,41.28323481704895,-227.88649067520907,-0.0006154754664748907,-3.9920498233185175e-05,9.881434973808983e-05,-2.2300028410933297e-07,-4.4104447593752335e-07,1.220138929110326e-06,91.52999877929688,167.0,0.0949999988079071,62.0,18.519367218017578,9058.696176986754
1758758946.4980414,0,0,0,-21.685772720241722,41.28324801745656,-227.8867766629661,-4.632614218280651e-05,6.650983542311283e-05,-1.0751898117383407e-05,1.635663481293979e-06,-3.0069977673419745e-06,-5.440707755084587e-07,91.2300033569336,134.0,0.0949999988079071,30.0,18.519229888916016,-16341.319016404674
1758758946.598051,0,0,0,-21.685750172724227,41.2833371072937,-227.88542399420766,-0.0002246246294816956,5.410376872380331e-05,-3.203629825224051e-05,-4.605477730160354e-06,4.304321099602511e-06,-2.2044330932560704e-06,91.20999908447266,100.0,0.0949999988079071,29.0,18.51913833618164,13322.824530704114
1758758946.6980343,0,0,0,-21.68566629400975,41.28340756517258,-227.88520954015604,-0.0007770382799208164,5.953215232650369e-05,-2.7861487663155974e-05,-1.0996795215533876e-08,2.02255737767657e-06,-7.851848568576633e-08,91.2300033569336,167.0,0.0949999988079071,29.0,18.518957138061523,-42156.57958627481
1758758946.7980552,0,0,0,-21.685530777070955,41.283496081599445,-227.88464882745416,-0.00039946657489053905,6.233006615172915e-05,2.38054092113237e-05,-3.9744766991575407e-07,-1.058361853677898e-06,7.073144930868105e-07,91.52999877929688,100.0,0.0949999988079071,62.0,18.518831253051758,-22735.432008197735
1758758946.8980792,0,0,0,-21.68542078803005,41.283630020842985,-227.88501223771192,0.0001347765646642074,-5.931388413851314e-05,5.427930522503852e-06,1.7767876425734059e-06,6.838592290106399e-07,-8.92612545514887e-07,91.55999755859375,135.0,0.0949999988079071,31.0,18.518693923950195,10706.307354029803
1758758946.998026,0,0,0,-21.685329194576077,41.283765001878294,-227.88460701107482,-5.4687967349309474e-05,4.172975643805551e-05,-8.206215150534369e-05,1.084756327176455e-06,-2.5114628286847476e-06,-1.2704229061787382e-06,91.83000183105469,134.0,0.0949999988079071,65.0,18.518606185913086,109794.2364233168
1758758947.0980408,0,0,0,-21.685242824205588,41.283863519328136,-227.88455106200917,-6.350001058308408e-05,-1.864786396921901e-05,6.529344927245825e-05,-3.2856243241999833e-06,3.4171284052193988e-06,1.6577330983276232e-07,91.83000183105469,172.0,0.0949999988079071,67.0,18.518404006958008,-37284.26398263139
1758758947.1980302,0,0,0,-21.68531402973454,41.28390051666778,-227.88475466885984,0.0010031837737187743,-3.3311494811864964e-05,5.027179880211949e-05,-6.003120007215982e-06,-2.1471700212177924e-06,-3.6548998130926577e-07,91.52999877929688,100.0,0.0949999988079071,29.0,18.518369674682617,25806.17483781061
1758758947.2980545,0,0,0,-21.685421156207333,41.28394883884273,-227.8844849838651,0.000638236990198493,3.906490666646388e-05,-4.472989326784455e-06,3.6143525872683796e-07,-3.086189065897534e-06,1.1844451649817338e-06,91.83000183105469,159.0,0.0949999988079071,88.0,18.51850128173828,-98185.41230642128
1758758947.3980234,0,0,0,-21.685474168680894,41.28397410702431,-227.88496324214168,9.350693289889023e-05,0.000161596651093761,5.719187545201026e-06,1.2190270442261393e-05,-6.454762757872947e-07,3.98624437469742e-06,91.87999725341797,100.0,0.0949999988079071,29.0,18.51860809326172,6635.95883969163
1758758947.4980419,0,0,0,-21.68550055046178,41.284039565270895,-227.88499910886225,0.0009605055674910545,4.91321986188401e-05,7.332333987072133e-05,3.2480895429416774e-07,5.0645957811307816e-08,-1.5695290325004207e-06,91.83000183105469,100.0,0.0949999988079071,80.0,18.51866340637207,11179.265572911498
1758758947.5980582,0,0,0,-21.68551453513299,41.284192396028956,-227.8844130829533,0.000840191263705492,-0.00010242613922355003,-3.653712402122288e-05,1.4447293787580964e-06,-1.2827979078420286e-06,1.5321882198994087e-06,90.94000244140625,134.0,0.0949999988079071,29.0,18.518787384033203,-13928.56484863959
1758758947.6980436,0,0,0,-21.685557715500465,41.28424365488387,-227.8846635452296,0.0005584832397289574,8.421662539102419e-06,-1.7393711807091528e-05,9.946913061114484e-07,-4.706376786640659e-06,2.376127421040011e-07,91.83000183105469,167.0,0.0949999988079071,62.0,18.51886749267578,6890.839213473492
1758758947.7980452,0,0,0,-21.68558741068665,41.28433068759856,-227.88420567148967,0.0008990375208668411,0.0002356183348904335,1.2521028164812107e-05,1.8847126435656496e-06,3.6433712295515873e-06,3.02376204465867e-07,91.26000213623047,100.0,0.0949999988079071,29.0,18.518962860107422,-12824.563411566307
1758758947.8980193,0,0,0,-21.685532357950912,41.28451472617179,-227.88388496521588,0.00048386395792476833,-2.9213506634349653e-05,-4.838987603551742e-05,1.506468003827043e-06,2.71892734908143e-07,6.832848581320867e-07,91.52999877929688,167.0,0.0949999988079071,62.0,18.519031524658203,-10855.13659280872
1758758947.9980562,0,0,0,-21.685436335381198,41.284672648704,-227.88318097552815,0.0005667463410645723,-0.00011444662940569993,0.0001109448956086263,-5.589104227567918e-06,5.381095172532085e-07,-4.178330170244756e-06,92.16000366210938,100.0,0.0949999988079071,62.0,18.51905632019043,8565.081787164794
1758758948.0980732,0,0,0,-21.68540685782302,41.284773433874896,-227.88381183176432,0.0009092751424759626,5.1453557547760256e-05,-6.572005704695895e-05,2.979024402545131e-07,2.402959603957162e-06,-9.599763576086292e-07,92.12999725341797,100.0,0.0949999988079071,129.0,18.519086837768555,23917.376027587463
1758758948.198056,0,0,0,-21.685328684398844,41.28484112390844,-227.88394160878994,0.000423664809204638,-0.00010120699053863062,3.4453974316925456e-05,3.7945067119203557e-06,-2.5812809802527955e-06,-1.9131658350359214e-06,91.52999877929688,115.0,0.0949999988079071,62.0,18.519031524658203,85673.91516478024
1758758948.2980309,0,0,0,-21.685230913020195,41.284890201554845,-227.88453259764378,0.00011546144378371537,-1.947640388283018e-05,-2.88350193922631e-05,2.61241399810668e-06,3.828028219832368e-06,-2.9263150823114368e-06,91.83000183105469,157.0,0.0949999988079071,86.0,18.518924713134766,11025.621486371101
1758758948.3980484,0,0,0,-21.6851416460612,41.28492665034231,-227.88568905061175,0.0002938858524430543,5.8010951135418925e-06,2.644448007534898e-05,2.769066120544456e-06,-1.1369730746466493e-07,1.039640327588008e-06,91.80000305175781,105.0,0.0949999988079071,67.0,18.518756866455078,-13777.973916762758
1758758948.498048,0,0,0,-21.685053893902413,41.28499636332437,-227.88498692711988,0.0002928570902440697,4.4190255163828884e-05,-3.248125572287307e-05,2.8147348372629796e-06,9.658988399536323e-07,-1.049579723557704e-06,91.80000305175781,134.0,0.0949999988079071,63.0,18.518680572509766,8632.903512653043
1758758948.5980544,0,0,0,-21.684933733368506,41.2850533556782,-227.88562755271687,-0.00041182019049301744,2.668116434063729e-05,-3.2906100710358984e-05,8.495189186622951e-07,3.286574954644864e-06,-2.7592540951124623e-06,91.86000061035156,167.0,0.0949999988079071,62.0,18.518613815307617,81567.0810365989
1758758948.6980457,0,0,0,-21.684762901685716,41.285100999388064,-227.88636157286163,-0.0008343944209627807,3.26313997733337e-05,2.958686899542346e-05,3.2808532323279555e-06,1.1791403889880208e-06,-1.0534154756491627e-06,91.52999877929688,188.0,0.0949999988079071,84.0,18.518417358398438,9115.064709358026
1758758948.7980235,0,0,0,-21.6845834795225,41.285143360844096,-227.88641751799696,-0.0006809597252868116,3.8143872804232605e-05,-4.073742992616552e-05,2.9905362228580414e-07,-2.62391670596337e-07,-8.008830745092571e-07,91.52999877929688,133.0,0.0949999988079071,62.0,18.51830291748047,91033.37319711702
1758758948.8980541,0,0,0,-21.68436889367205,41.285196975702284,-227.886126876685,-0.0011865742271766067,2.1729721130214846e-05,-4.921035623027493e-05,-1.6256067464998927e-07,-7.117344674713117e-07,-2.823218693248923e-07,91.86000061035156,100.0,0.0949999988079071,96.0,18.5181884765625,-25959.415027278843
1758758948.9980602,0,0,0,-21.684115470749493,41.285238640285144,-227.88677192582423,-0.0013461614726111293,5.362683635861998e-05,1.7617728873653115e-05,-4.872341474149878e-07,-4.5401862693198034e-06,-2.85349733557e-06,91.55999755859375,110.0,0.0949999988079071,96.0,18.517993927001953,16599.459737989426
1758758949.0980644,0,0,0,-21.683911647798084,41.2852823074348,-227.88699306595214,-0.001499628066085279,4.019512530269318e-05,-3.6829476376913972e-06,2.7865846528969316e-06,-8.993802302481787e-07,3.1782729434059196e-07,91.86000061035156,134.0,0.0949999988079071,30.0,18.517772674560547,12438.137528422507
1758758949.1980772,0,0,0,-21.68385409802307,41.28535050509092,-227.885807333323,-0.001061127637512982,-9.671497673827015e-05,-6.51157039806962e-05,-2.637394873273829e-06,-8.858946690114364e-07,5.383292389514521e-06,91.83000183105469,153.0,0.0949999988079071,48.0,18.51786994934082,-11974.434004930326
1758758949.2980502,0,0,0,-21.683812951901572,41.285397821584944,-227.88516398857217,-0.0012502539902925491,1.291312612527036e-06,-2.3514082965712726e-05,1.1755109646096973e-06,-1.0085076165274445e-07,-1.7898216386149977e-06,91.86000061035156,134.0,0.0949999988079071,62.0,18.517879486083984,23449.87077156501
1758758949.3980455,0,0,0,-21.683733896302183,41.2854215643146,-227.88530713966833,-0.0014541965210810304,0.0001663251002921795,8.794853287193675e-05,7.4227724550480725e-06,4.013261410508503e-06,-4.163671400436365e-06,91.83000183105469,167.0,0.0949999988079071,62.0,18.51778793334961,-23772.920936117516
1758758949.498061,0,0,0,-21.68360515938308,41.28551228946517,-227.88533646440226,-0.001058285590261221,2.2930682816223216e-05,3.817471425840271e-05,-3.020196808370278e-06,-2.759478950700947e-06,1.914390101738364e-06,91.86000061035156,139.0,0.0949999988079071,96.0,18.517894744873047,37558.36451499377
1758758949.5980642,0,0,0,-21.683477000632806,41.28562035997622,-227.88504487320876,-0.0007696868269704282,-7.660937125189104e-05,-3.634536132738061e-05,1.2746531694878492e-06,2.505319073311484e-06,1.6932042956608578e-07,92.18000030517578,167.0,0.0949999988079071,62.0,18.517929077148438,-13529.592069288596
1758758949.6980486,0,0,0,-21.683346131931586,41.28570520571076,-227.88554549937612,-0.0011588444467633963,6.136536928136823e-05,5.871968361793047e-06,-7.708767376570368e-08,-2.5551189921485355e-06,-1.1071418540364251e-06,91.86000061035156,167.0,0.0949999988079071,29.0,18.51784896850586,-1276765.5388566933
1758758949.798042,0,0,0,-21.683168684424125,41.28578963834026,-227.88602651423656,-0.001086207921616733,0.0002366610979064065,6.94777213997288e-05,-3.5126617094412205e-06,4.840958823536965e-06,-1.1035229978224103e-06,91.87999725341797,100.0,0.0949999988079071,29.0,18.518848419189453,-2583.9030059606316
1758758949.8980222,0,0,0,-21.682933928742955,41.28595617848228,-227.88558629924222,-0.0005547456676140428,-2.6962344709247146e-05,-4.926431620950576e-05,-2.8219104081389626e-06,-6.175526408494278e-07,-1.9310693797332515e-06,91.87999725341797,134.0,0.0949999988079071,29.0,18.518739700317383,16235.910893064716
1758758949.998025,0,0,0,-21.68267353545719,41.286128348108406,-227.88538109359865,-0.0013807200593873858,6.063427176964094e-05,-0.00011031089822825782,2.2256745715604448e-06,-3.226337708759323e-06,-1.125943264303461e-06,91.87999725341797,118.0,0.0949999988079071,36.0,18.518613815307617,6264.386654184127
1758758950.098095,0,0,0,-21.682414840067782,41.28619854020181,-227.88623328372495,-0.0018334082560613751,0.00012702775377169555,0.00011284841200606929,-7.815034839904672e-07,-1.936653758851092e-06,2.77292245773921e-06,92.16000366210938,115.0,0.0949999988079071,45.0,18.518722534179688,-6454.0782467033605
1758758950.1980603,0,0,0,-21.682291520572267,41.286309411193656,-227.88472789811624,-0.0003061259922105819,3.8848510425375216e-05,0.00012514675336874632,1.6424714305503832e-06,-3.0220654268127345e-06,2.989803334491925e-06,91.86000061035156,100.0,0.0949999988079071,57.0,18.519054412841797,-4825.113755605203
1758758950.2980614,0,0,0,-21.682174145512928,41.28648115148502,-227.88485224430258,-0.0008691105176694691,-1.9806634323460924e-06,-8.597198270292067e-05,-3.270749007838839e-07,1.5961928053012254e-06,-3.789022977763829e-06,92.16000366210938,100.0,0.0949999988079071,97.0,18.519365310668945,-10107.61035780103
1758758950.3980212,0,0,0,-21.68199645187776,41.28659985005774,-227.88459470213428,-0.0009829055052250624,-5.9086646360046645e-08,1.4468167891597185e-05,-3.4780057121665894e-07,-5.4119742194108014e-06,4.1223476609443105e-07,91.87999725341797,167.0,0.0949999988079071,97.0,18.519514083862305,-8109.491571617521
1758758950.4980145,0,0,0,-21.68181359120601,41.28671852132364,-227.8855479483983,-0.001097696484066546,2.010666055183277e-05,1.0792378726948515e-05,-6.726207650515303e-07,-4.967180819429299e-06,2.6624803868278984e-07,91.87999725341797,167.0,0.0949999988079071,62.0,18.519920349121094,-5208.19532945878
1758758950.5980475,0,0,0,-21.68158944199738,41.28689359368091,-227.88298795136922,-0.0002732127031777054,5.8100261309207965e-05,-4.097581971721419e-06,-3.1942736822373076e-07,7.764232611625808e-07,-3.163656567438894e-06,92.18000030517578,167.0,0.0949999988079071,62.0,18.520259857177734,-4044.38398645803
1758758950.698047,0,0,0,-21.681341413354208,41.287120880351885,-227.88341800696878,-0.00036016927333548665,4.868593559808777e-05,3.3884013748348735e-05,-3.017907186518668e-06,-9.172282447416372e-09,-4.3089005318944765e-07,92.16000366210938,167.0,0.0949999988079071,62.0,18.520444869995117,-16474.218389257847
1758758950.798045,0,0,0,-21.681072014185673,41.287416740915184,-227.8835376754556,0.00035185765591450036,8.126706989424463e-05,-0.000260268860526881,-1.676849574419267e-07,1.9365621347602255e-06,-3.2632631648806876e-06,91.87999725341797,133.0,0.0949999988079071,62.0,18.52071189880371,-6308.579553824749
1758758950.8980258,0,0,0,-21.680714053972796,41.28769580100768,-227.88351063389172,-0.001019081799313426,5.273985576812121e-05,3.585879929369571e-06,3.061191966429805e-06,3.272772028536054e-06,-6.870827153419062e-07,92.16000366210938,134.0,0.0949999988079071,63.0,18.521106719970703,-4134.7202328779495
1758758950.998029,0,0,0,-21.680303703274234,41.28797047285814,-227.88394280273639,-0.00012996180157642812,2.6644851383348734e-06,0.00013063552761542383,2.7253925046318863e-06,-5.693689883793971e-07,3.901295296454e-06,92.16000366210938,84.0,0.0949999988079071,63.0,18.521286010742188,-11814.448776185005
1758758951.0980754,0,0,0,-21.68005058424779,41.288234191632405,-227.8838494918503,0.0008302665664814413,-8.357676761143047e-05,-6.110545426504975e-05,-7.451831704880716e-06,2.110474666747698e-06,-9.443086751555876e-07,92.18000030517578,134.0,0.0949999988079071,63.0,18.521770477294922,-2454.4333594174063
1758758951.1980212,0,0,0,-21.68001329561759,41.28825184387439,-227.88381457832287,-0.0007466087117791176,0.00031765680194321716,-0.00036888606634985423,-2.1128794275933027e-06,-7.907746534133157e-06,2.4340976560548336e-06,92.45999908447266,100.0,0.0949999988079071,63.0,18.52298927307129,-1503.6326392832245
1758758951.2980669,0,0,0,-21.67976591079712,41.288200473183785,-227.8827981227368,-0.002291873563081026,4.388619413305862e-05,0.0001313544282962558,4.845244592941499e-06,3.4670401889601255e-06,9.781805407397805e-07,92.51000213623047,100.0,0.0949999988079071,99.0,18.5270938873291,-424.7999586844658
1758758951.3980155,0,0,0,-21.67948996116991,41.28821217400189,-227.88361529905308,-0.0006312964833341539,-5.17010859745262e-05,0.0002952293984245639,-1.5626428620936991e-06,-6.83540279173784e-06,4.50321459761101e-07,92.51000213623047,134.0,0.0949999988079071,96.0,18.52971839904785,-260.3295549805583
1758758951.498048,0,0,0,-21.679325092398095,41.28831520674616,-227.8841164968386,-0.0003374357183929533,4.06229470394751e-05,-0.00012385069264258906,-6.719625834363159e-06,2.3075861692761872e-06,5.108998865792408e-06,92.51000213623047,100.0,0.0949999988079071,96.0,18.547626495361328,-125.26735056905017
1758758951.5980456,0,0,0,-21.67901365469922,41.288340800564804,-227.883278249851,-0.002136809751391411,7.560367220522867e-05,-7.526854557331743e-06,7.134352682294122e-06,-1.0520407556861136e-06,2.5018698154590755e-07,92.18000030517578,134.0,0.0949999988079071,62.0,18.566055297851562,-91.01245584308397
1758758951.6980462,0,0,0,-21.678757093504398,41.28837113846809,-227.8843768148878,-0.0011285973014310002,8.530739319548386e-05,0.00011089173017093627,-1.8964885163385695e-06,1.5658308110553171e-06,1.7574162655224455e-07,92.16000366210938,115.0,0.0949999988079071,96.0,18.576719284057617,-82.68165064189765
1758758951.79804,0,0,0,-21.678486183228856,41.2885838883785,-227.88299489991186,0.0002461450349073857,-7.169321717962116e-05,-9.508442176453026e-05,-5.555682807348422e-06,7.678534084305501e-07,3.6473484288836757e-06,92.16000366210938,170.0,0.0949999988079071,65.0,18.616943359375,-62.870920949959384
1758758951.8980389,0,0,0,-21.678224441653374,41.28874927567783,-227.8813905634379,-0.0016717137768864632,6.075247461346101e-05,-0.0001332511890689616,4.6469304216953506e-07,-1.7789894194333546e-06,-7.434758780661887e-07,92.16000366210938,134.0,0.0949999988079071,29.0,18.666202545166016,-51.75857207831872
1758758951.998028,0,0,0,-21.677836166645488,41.288817957150364,-227.8814370037564,-0.002253014827147126,0.00017804780554092696,0.0003343899612393731,-1.450746129253923e-07,-5.384355746947869e-06,-3.732673638369127e-06,91.86000061035156,117.0,0.0949999988079071,98.0,18.682519912719727,-49.603337598256104
1758758952.0980947,0,0,0,-21.67756563218018,41.28897412318517,-227.88151349190196,-0.00029187853215262294,5.618539551000518e-05,0.00010747205365617148,-1.7405008550213958e-06,4.384413984816725e-06,9.98625779289133e-07,91.26000213623047,133.0,0.0949999988079071,29.0,18.74464988708496,-42.999223797504854
1758758952.1980767,0,0,0,-21.67759653165862,41.28906617429415,-227.88222429067952,-0.0006339857936836779,8.003245070697731e-05,-5.523791472310859e-05,1.6641319599280695e-06,1.6649417363990492e-06,4.647525954024073e-06,91.86000061035156,101.0,0.0949999988079071,30.0,18.787214279174805,-40.25248865535605
1758758952.2980762,0,0,0,-21.677558022473665,41.289134479656596,-227.88188418689577,-0.001316738547757268,-7.34877831879843e-05,-9.595536830975766e-06,2.9055321347865723e-07,-4.058308197990324e-06,-2.776690548727828e-06,91.55999755859375,95.0,0.0949999988079071,24.0,18.83536148071289,-37.14626792696009
1758758952.3980691,0,0,0,-21.677548007768582,41.28913313926982,-227.88334794783907,-0.0008138098055496812,0.00011368910463335427,8.91295884739392e-05,-3.344049539327931e-06,1.1199418714980126e-06,-3.1352683629827493e-06,92.16000366210938,100.0,0.0949999988079071,62.0,18.86312484741211,-36.23392227458131
1758758952.4980896,0,0,0,-21.67752854367993,41.28920455391398,-227.88341708472672,-0.000357633427483961,0.00011381417987734593,6.387173440334544e-05,-1.977998673447687e-06,-1.4519543802744348e-06,-2.467687323794371e-07,92.12999725341797,134.0,0.0949999988079071,64.0,18.913496017456055,-33.85483084335721
1758758952.5980427,0,0,0,-21.67743309626079,41.28937055265254,-227.88393070383142,-0.0007928629056550562,-4.8886545106243895e-05,-0.0001085518707442575,-2.8651560120308326e-06,4.992401638143843e-06,3.493733886181782e-07,91.87999725341797,90.0,0.0949999988079071,96.0,18.94399070739746,-33.06631054947071
1758758952.6980476,0,0,0,-21.677270614968087,41.28947466260451,-227.8845048260858,-0.0011771124554798007,-3.491456222517512e-05,3.6776467644470675e-05,-2.590724369964203e-07,-2.2129446193876618e-06,-8.438195085275503e-07,91.86000061035156,103.0,0.0949999988079071,32.0,19.062456130981445,-30.101886462833555
1758758952.798049,0,0,0,-21.677171009636474,41.28954523890965,-227.88444823609842,-0.0001762032916303724,4.419617774301817e-05,0.00014812105097474144,-3.031793346985074e-06,7.1543208334230226e-06,-1.8324918696685738e-06,91.86000061035156,113.0,0.0949999988079071,100.0,19.090595245361328,-29.416712335299383
1758758952.8980145,0,0,0,-21.677083627377574,41.289696349122195,-227.88629395835483,-0.0002412201720289886,6.51169222679057e-05,-0.0001663688578700929,-5.562138796482629e-06,-6.1636424297220475e-06,9.795356485696737e-07,91.52999877929688,67.0,0.0949999988079071,29.0,19.188066482543945,-28.005084243178455
1758758952.9980578,0,0,0,-21.676898743874148,41.28983621925738,-227.88656682311256,-0.0008741940837353468,-7.86501667174825e-05,-3.060877774872847e-05,-1.8738773604859119e-06,-1.7309994230307356e-06,-6.498101991363574e-07,91.86000061035156,67.0,0.0949999988079071,96.0,19.154972076416016,-28.38165193790389
1758758953.0980582,0,0,0,-21.676814069435178,41.289897865067346,-227.8859517850949,-0.00032770971301943064,-4.676991040882953e-05,2.3492438737974863e-05,-3.581874944467778e-06,-2.027755169371004e-06,9.108411170008619e-07,91.80000305175781,107.0,0.0949999988079071,63.0,19.255352020263672,-27.205001283898504
1758758953.1980295,0,0,0,-21.676902776355558,41.2898346305021,-227.88628458530917,-0.0004271945508662611,0.00018622072354374897,-3.1050428148915494e-05,-6.541754658588188e-06,-1.0181165048581156e-05,2.773073277908401e-07,90.94000244140625,77.0,0.0949999988079071,96.0,19.32449722290039,-26.482050301224955
1758758953.2980714,0,0,0,-21.676911099417534,41.289801931317164,-227.8861325479196,-0.001007956569083035,-1.7996318402321912e-05,-2.3824932701013795e-05,-3.0297359122673285e-06,9.008108392139819e-07,-3.6388258619019193e-06,90.87999725341797,167.0,0.0949999988079071,96.0,19.43143653869629,-25.418436318285252
1758758953.3980203,0,0,0,-21.676839050799064,41.28977170855027,-227.88591524100525,-0.0009841227438300848,5.109187513275416e-05,3.832183528969863e-05,7.631552728010144e-06,6.842846159200727e-06,2.0313718009557428e-06,90.58000183105469,67.0,0.0949999988079071,62.0,19.50486183166504,-24.78532318784412
1758758953.4980574,0,0,0,-21.676753268460907,41.28978204677511,-227.88508027537682,-0.0009270203299820423,2.2437789733771883e-05,-2.814703502461571e-05,-7.74801561870839e-08,-3.360366719627302e-06,-6.125704602030927e-07,90.87999725341797,167.0,0.0949999988079071,97.0,19.579914093017578,-24.107774710746448
1758758953.5980475,0,0,0,-21.676653070377746,41.28978785416894,-227.88490247138571,-0.0008180497097782791,-2.7210318399558535e-05,5.698686846359305e-05,1.7276107907406985e-06,6.5130927591177385e-06,-7.17654396473885e-07,91.20999908447266,167.0,0.0949999988079071,62.0,19.656723022460938,-23.678979391950193
1758758953.6980546,0,0,0,-21.676568765060015,41.289808483202144,-227.88601485442814,-0.0007705703610554338,2.969097743620183e-05,-6.662024494679169e-05,-2.3298022708702473e-06,1.073341826926421e-06,-2.255879788128155e-06,90.61000061035156,100.0,0.0949999988079071,30.0,19.73908233642578,-23.120072038732864
1758758953.7980444,0,0,0,-21.676410637511818,41.289790709676375,-227.88477863107477,-0.001930441241711378,1.9412917046626448e-05,8.850004924356553e-05,-2.122381928793329e-06,3.2321783037210917e-07,2.457851971020789e-06,90.61000061035156,134.0,0.0949999988079071,29.0,19.859132766723633,-22.535207502346108
1758758953.8980331,0,0,0,-21.67627721377624,41.28975871469661,-227.8855098047597,-0.0006173090077936649,0.00019397939427601797,-2.196284927703302e-05,-1.3116132920919505e-06,-4.7927637077133515e-06,-1.2869950263138059e-06,90.8499984741211,192.0,0.0949999988079071,88.0,19.895496368408203,-22.378532784349755
1758758953.9980295,0,0,0,-21.676072840329812,41.28984899999287,-227.88393448536118,-0.0011764238588511944,-6.180914664676756e-05,-0.00011792175511768818,-2.1922582158151035e-06,2.1157366954473487e-06,-2.9225229764049286e-07,90.58000183105469,134.0,0.0949999988079071,29.0,20.01869773864746,-21.8085713889603
1758758954.098042,0,0,0,-21.67586697599839,41.28985048876469,-227.8834277007639,-0.002475692192092538,7.035556056497392e-06,-4.2787312829308555e-05,2.100530730023647e-06,-1.7372541051487709e-06,5.327877288732557e-07,90.87999725341797,67.0,0.0949999988079071,96.0,20.0601749420166,-21.552529627985127
1758758954.1980665,0,0,0,-21.67581182965911,41.28976615863664,-227.88391957444583,-0.00236553349532187,0.00022716458979473583,0.000260751235546061,-2.4091793615409743e-06,-1.7364128393506034e-05,-7.842824068896333e-08,90.58000183105469,67.0,0.0949999988079071,29.0,20.144102096557617,-21.279700860181105
1758758954.2980413,0,0,0,-21.67573866122802,41.289825205568725,-227.8837975874054,-0.0007944011013023555,1.9179669742857734e-05,-8.063093969453106e-06,2.5747377592369697e-06,-6.536526495783355e-06,-6.752660680479594e-06,90.55000305175781,90.0,0.0949999988079071,96.0,20.233352661132812,-20.891387195775387
1758758954.398034,0,0,0,-21.675658229273928,41.28988940359118,-227.8899363883628,-0.0019608272705227137,-0.00014947106090987424,-9.563651473060179e-05,-2.3378357708669834e-06,-1.4933846886037454e-05,-1.3092378860777058e-05,90.16000366210938,205.0,0.0949999988079071,101.0,20.31962013244629,-20.529764811483076
1758758954.4980595,0,0,0,-21.675586591232932,41.28977410860066,-227.9036628090435,-0.002679352182894945,-6.022663852844324e-05,6.885739704924093e-05,-3.1518002620147396e-06,-1.926108795407452e-05,-2.2597083023987232e-05,90.16000366210938,134.0,0.0949999988079071,63.0,20.40244483947754,-20.251573429355055
1758758954.5980566,0,0,0,-21.675619889182013,41.289575448564186,-227.92246824974757,-0.0014430065639317036,4.223828676429314e-05,0.00018958344080864854,-2.6743864730553516e-06,-5.5798466792429644e-05,-6.0922230437574794e-05,89.94000244140625,138.0,0.0949999988079071,34.0,20.535512924194336,-19.543411448494933
1758758954.6980562,0,0,0,-21.67571933831767,41.28945726103381,-227.94458678260474,-0.000727243663277477,7.294517840098695e-05,-1.193082144165156e-05,-2.6694926646927074e-06,-3.101821286164263e-05,-3.4192569803530105e-05,89.9000015258789,78.0,0.0949999988079071,89.0,20.58036994934082,-19.35479919334656
1758758954.7980638,0,0,0,-21.675723101616978,41.289403914177576,-227.96803747736993,-0.0015699976356700063,0.0002892769632503716,-0.00012604240703086936,-6.885870051567005e-06,-2.606582652315263e-05,-5.934857753408634e-05,89.9000015258789,167.0,0.0949999988079071,63.0,20.67550277709961,-19.01656822265935
1758758954.8980548,0,0,0,-21.67558288699434,41.28941807883683,-227.98260899505556,-0.0011197990970686078,-0.00010286512815687221,4.87965722172261e-05,-3.0626825030812013e-06,-7.873456943612836e-06,-1.6444848584917084e-05,89.31999969482422,80.0,0.0949999988079071,95.0,20.762907028198242,-18.652114638019356
1758758954.998054,0,0,0,-21.6755387363689,41.28940962027698,-227.99773493290542,-2.7104268156108446e-05,-8.836416175607611e-05,0.00010409853541618887,2.3496387479025436e-06,-2.1055239655031586e-05,-3.056298177170791e-05,89.58000183105469,159.0,0.0949999988079071,54.0,20.860872268676758,-18.394461569666714
1758758955.0980647,0,0,0,-21.675674657276588,41.289586508279356,-228.02188718303262,0.0004867994866799563,0.0001875594036279226,7.939461065504494e-06,-2.7444877980594427e-07,-2.413928406156258e-05,-2.2378456838462118e-05,89.58000183105469,171.0,0.0949999988079071,67.0,20.950408935546875,-18.074068321763754
1758758955.19807,0,0,0,-21.675725724633093,41.29001353411646,-228.03176032285984,-0.0001280517317354679,-0.00011563653060927752,6.277563563851071e-06,-5.410400433763676e-06,-2.1898321408256146e-05,-1.9053172871172433e-05,89.83999633789062,163.0,0.0949999988079071,100.0,21.002925872802734,-18.023031422542942
1758758955.298072,0,0,0,-21.675844419607156,41.290480881661544,-228.0461965293108,0.0004941094666719437,0.00012184457871011568,-1.879151389048369e-05,-6.261530213344033e-07,-5.314720332559856e-06,-1.4654083215108546e-05,89.58000183105469,97.0,0.0949999988079071,65.0,21.141372680664062,-17.834171186361313
1758758955.398072,0,0,0,-21.675889501907854,41.29113606139377,-228.05024978960847,-0.000645815278403461,-0.00010876003592052969,-8.425053161414093e-05,-1.8560545241004633e-06,-3.1907685431380766e-05,4.5992932765763686e-06,89.87000274658203,48.0,0.0949999988079071,80.0,21.236461639404297,-17.81548184390019
1758758955.4980485,0,0,0,-21.675901025100373,41.29152644159721,-228.05676692474708,-0.0005788847338408232,6.902028176058535e-06,-9.103029092813158e-06,1.7780029703519193e-06,-1.261865381300844e-05,-2.5488536143099898e-05,89.83999633789062,84.0,0.0949999988079071,99.0,21.283775329589844,-17.810190687704075
1758758955.598045,0,0,0,-21.675917891194196,41.29201156563706,-228.07246057662525,-0.0008299090550281107,0.00025670248736661905,2.4561496898961536e-05,3.0907343221268403e-06,-4.3907669721142495e-07,-8.648812329823602e-06,89.29000091552734,200.0,0.0949999988079071,96.0,21.425048828125,-17.754515439410646
1758758955.6980648,0,0,0,-21.675778304124997,41.292699411672714,-228.07262704915837,0.00022984223323874176,-0.0002598543121622416,2.607691510147833e-06,-1.612789444364598e-06,-4.81489741457717e-06,3.108694418815544e-06,89.29000091552734,200.0,0.0949999988079071,96.0,21.4252986907959,-17.739144068174518
1758758955.7980273,0,0,0,-21.67579653902839,41.29326972752747,-228.07530000318548,0.0002988713386002928,0.00012468446677740673,-2.2814364214807363e-05,-2.5823781171816286e-06,-1.6715939390254389e-06,-2.231417381633038e-06,87.69999694824219,134.0,0.0949999988079071,96.0,21.619998931884766,-17.566547738613448
1758758955.8980515,0,0,0,-21.67580011172718,41.29386392552291,-228.07551480157014,-0.00010082509834319353,8.633275145886391e-05,-7.799133378592284e-06,1.3533023385115448e-06,-2.241293209062957e-06,4.2007568442964965e-06,88.19999694824219,134.0,0.0949999988079071,78.0,21.71407127380371,-17.78223476694704
1758758955.9980664,0,0,0,-21.675670852365343,41.29450334654649,-228.07474620463813,-0.00024363872944377363,1.260301422647315e-05,6.88907042989993e-05,1.988156306916506e-06,6.0021578648945815e-06,-5.2734914528268646e-06,87.98999786376953,100.0,0.0949999988079071,29.0,21.847061157226562,-18.097313660874672
1758758956.0980663,0,0,0,-21.675536848829765,41.29516556577971,-228.0764284639892,0.00015893878298811615,1.1959498469624713e-05,3.1828601873185074e-05,-9.674697248157771e-07,1.7588060164563583e-06,2.5936939020787537e-06,87.94999694824219,100.0,0.0949999988079071,89.0,21.892555236816406,-18.174590634353386
1758758956.19806,0,0,0,-21.675412617748762,41.29590919017768,-228.07460888574172,0.0004905821988359094,-0.00024809726701856077,7.295244533597612e-05,-3.723730726737302e-07,-7.546554086186976e-06,-1.2373123701306493e-06,87.62000274658203,167.0,0.0949999988079071,96.0,21.98238182067871,-18.57612204956841
1758758956.298059,0,0,0,-21.675357559307635,41.296597919415866,-228.07648382663615,0.00041295355185866356,0.00014463817048880967,-4.654648794489424e-05,-1.001922064378111e-06,1.6037558822296618e-06,1.8568323670893393e-07,87.30000305175781,167.0,0.0949999988079071,85.0,22.07017707824707,-18.855841742416356
1758758956.3980248,0,0,0,-21.675189209446184,41.29728417400937,-228.07519584181136,3.5881723306374624e-05,-4.41424830108945e-05,8.582394316609902e-05,-8.898068760589577e-07,-2.090389460034151e-06,3.271127056641968e-06,87.87000274658203,124.0,0.0949999988079071,86.0,22.156789779663086,-19.189153415965347
1758758956.498049,0,0,0,-21.675039195750372,41.29802801745059,-228.07630071853572,0.0011871507158502936,-3.482314472942103e-05,-5.9341277306938724e-05,-4.276555610753756e-06,-7.534682174012385e-06,-4.778184543236018e-06,87.94999694824219,234.0,0.0949999988079071,62.0,22.242847442626953,-19.52044013299904
1758758956.5980442,0,0,0,-21.674962644326136,41.298767823343056,-228.08306798881137,0.0003649186110123992,7.501980901898383e-05,-5.594453094638006e-05,-3.428778462470262e-06,-1.0530491051278438e-05,-2.208508205923183e-05,87.66000366210938,334.0,0.0949999988079071,29.0,22.36957550048828,-20.06161401634681
1758758956.6980264,0,0,0,-21.674879559085667,41.29943932910029,-228.09048088906894,-2.0013416360598058e-05,-0.00010975513422502981,3.619471877494353e-05,1.3541740655694598e-05,1.2746119392708532e-06,-1.2735902497469919e-05,87.91000366210938,144.0,0.0949999988079071,73.0,22.411523818969727,-20.21422236387043
1758758956.7980478,0,0,0,-21.674716166190645,41.300092233997134,-228.09595890905302,0.0004993253969587386,-0.00030936744811090337,-2.834327625670795e-06,4.734586205007071e-06,2.8561692021339178e-06,-1.2260191086620356e-05,86.7300033569336,114.0,0.0949999988079071,64.0,22.494285583496094,-20.535335860928043
1758758956.8980455,0,0,0,-21.674581814821714,41.30080238392177,-228.10298199284136,0.0004936594632454216,6.121615197103948e-05,6.895182054773871e-05,2.5182044417226176e-06,2.831672157290961e-06,-8.291219628067539e-06,86.7300033569336,114.0,0.0949999988079071,64.0,22.49468231201172,-20.535804261319253
1758758956.9980571,0,0,0,-21.674483246380337,41.301549450673896,-228.11016679012,0.0015371451154351234,0.00011178473341016804,0.00015627398184140566,3.337353829505238e-06,-2.1195817282155654e-06,-1.9522539645937996e-05,86.31999969482422,167.0,0.0949999988079071,62.0,22.658124923706055,-21.230856939801278
1758758957.0980618,0,0,0,-21.674416894667818,41.30234823171458,-228.11688302536288,0.0015635151648893952,-7.994361287328064e-05,-0.0001265375836362095,1.0917999955194694e-07,-9.170007464607294e-07,-7.956744975417587e-06,85.66999816894531,128.0,0.0949999988079071,58.0,22.742755889892578,-21.780028662845297
1758758957.1980646,0,0,0,-21.674322443581087,41.3030695757588,-228.12004092445983,0.0008712172857485712,5.505264138646803e-05,1.6868704715389588e-05,-2.9486254796642477e-06,-4.946739825533109e-06,2.8676090064078503e-06,85.70999908447266,100.0,0.0949999988079071,29.0,22.818073272705078,-22.389845661936484
1758758957.2980628,0,0,0,-21.674218584743922,41.303657102308904,-228.11934688894354,0.0006858747801743448,2.384715964608494e-05,-3.6814226978792326e-05,1.1253264287435708e-06,-6.12946300062098e-07,6.526811146692753e-07,85.38999938964844,134.0,0.0949999988079071,29.0,22.934276580810547,-23.188750987740942
1758758957.3980684,0,0,0,-21.674018438006602,41.30456543875125,-228.12113379156034,0.0008982543949969113,6.763876247263804e-05,-6.634483983653045e-06,-1.5230850042531628e-06,-2.4879604935431276e-06,-8.096960616244246e-07,85.62000274658203,147.0,0.0949999988079071,76.0,22.976280212402344,-23.42810829124413
1758758957.4980536,0,0,0,-21.67379004748446,41.30536302659962,-228.1204966441819,0.0004725375329144299,-1.0447524390781317e-06,-5.634848581358695e-06,2.774219650805813e-06,-2.4360325881377298e-06,2.4432070307470366e-07,85.38999938964844,134.0,0.0949999988079071,29.0,23.05140495300293,-24.10096818511483
1758758957.598043,0,0,0,-21.673556502035805,41.30616631342246,-228.12159295802786,0.0005629849038086832,-0.0005249839382735918,-0.0003616648614200513,1.0973011415707218e-06,3.676044089402123e-06,-6.99992866915869e-06,85.05999755859375,111.0,0.0949999988079071,63.0,23.12544059753418,-24.617880467752197
1758758957.6980422,0,0,0,-21.67330985941538,41.30686386865313,-228.12358337744666,7.883740909164771e-05,0.00017188226799769022,0.00012173795001668659,1.603211780391623e-05,5.53883854701795e-06,1.1756716205565868e-06,85.33999633789062,135.0,0.0949999988079071,68.0,23.19782829284668,-25.329119067777572
1758758957.7980123,0,0,0,-21.673029133329837,41.30775801526965,-228.12216084965877,0.0012955196434631944,-0.0001636395108528186,8.048451081201299e-05,-7.076915946870547e-06,-2.7448611707706972e-06,7.761014520303216e-07,85.33999633789062,121.0,0.0949999988079071,49.0,23.265851974487305,-25.722993776101806
1758758957.898057,0,0,0,-21.67284681238777,41.308638784163115,-228.12425132613782,0.0012238785857334733,0.00013977861714656358,-8.554652742071574e-05,2.2249348733709442e-07,3.5300882128836878e-06,-5.20564398729309e-06,85.33999633789062,100.0,0.0949999988079071,29.0,23.33732032775879,-26.017441667539295
1758758957.9980617,0,0,0,-21.67256496227976,41.30945659232085,-228.12431256518477,-1.2849131962866522e-05,-1.5252145062404846e-06,3.880546684668719e-05,3.831347676548304e-06,-2.3621378491277772e-06,3.92345759508083e-06,85.33999633789062,100.0,0.0949999988079071,29.0,23.33779525756836,-26.053893124300856
1758758958.0980976,0,0,0,-21.6722586605049,41.310254764081456,-228.12361442954887,0.0005492103518918157,7.205398457815059e-05,8.951572045845407e-05,-2.124771038023518e-06,8.541499010254792e-07,-5.5330046662423e-06,84.97000122070312,107.0,0.0949999988079071,96.0,23.488142013549805,-25.297746385766462
1758758958.198071,0,0,0,-21.671976204166278,41.3111387408138,-228.12540546489726,0.0010020968038588762,0.00011939996793771666,-4.125218491307012e-05,-9.318948851024659e-06,1.4823745556875573e-06,7.830600274518348e-06,84.97000122070312,107.0,0.0949999988079071,63.0,23.522756576538086,-24.962581598886384
1758758958.2980375,0,0,0,-21.671637875187304,41.31210179423304,-228.12405142163084,0.0009661508956924081,-8.485980118638333e-05,6.052261197776226e-05,6.953057291639211e-07,-6.854148678579961e-07,-1.9001468306793724e-06,84.91999816894531,117.0,0.0949999988079071,99.0,23.639869689941406,-24.471266023028758
1758758958.398048,0,0,0,-21.67134666179519,41.3129683189181,-228.1250520834938,0.0010280841961503029,0.0001770788169349991,0.0002012963240691978,1.8614491488878198e-06,-5.288440108963859e-06,-5.722664414150418e-07,84.08999633789062,67.0,0.0949999988079071,65.0,23.716062545776367,-24.217123506767745
1758758958.4980497,0,0,0,-21.67126243704231,41.31412658897513,-228.12701694983457,0.011683407239615917,-0.0003375690433799004,0.0031676492674571934,5.893402134199444e-05,1.6204837362131504e-05,-1.4478418964733413e-05,84.41999816894531,104.0,0.0949999988079071,33.0,23.844284057617188,-23.611073983452265
1758758958.598052,0,0,0,-21.67382585333589,41.317908021389734,-228.14325270037966,0.08358465135097504,0.0002919462459225154,0.008309990024446559,0.00010675902968040501,-5.1562060002992164e-05,-6.985217830077563e-05,85.0199966430664,133.0,0.0949999988079071,96.0,23.88775062561035,-21.85556042467807
1758758958.698063,0,0,0,-21.682617998588256,41.328800172716996,-228.2319226831441,0.1893424391746521,-0.0003524725048015191,0.008137094160129189,7.633264194111562e-05,-0.00011054115935856993,-0.0002563023788247294,85.0199966430664,114.0,0.0949999988079071,96.0,23.98422622680664,-19.89381836871681
1758758958.7980433,0,0,0,-21.69857042335531,41.34709288130172,-228.4651181253106,0.2872580289840698,0.002778177404232551,0.014676180784791026,-2.158612758889056e-05,7.556812775208812e-05,-0.0008036173362553767,84.69000244140625,134.0,0.0949999988079071,62.0,24.092262268066406,-18.22182218272318
1758758958.8980608,0,0,0,-21.71532408408452,41.36720428529787,-228.70772124651666,0.3740280270576477,0.0010620406168307082,0.006430203217228016,-1.6569752448328658e-05,4.3634341915193847e-05,-0.00046662565262171575,84.36000061035156,100.0,0.0949999988079071,62.0,24.211990356445312,-17.010825735075464
1758758958.9980528,0,0,0,-21.74587874460899,41.405914030884475,-229.13965406462773,0.45406705141067505,-0.0017567225858413145,0.012098762487455311,1.1628617863606446e-06,7.620789651756232e-05,-0.0012161551317009314,84.69000244140625,118.0,0.0949999988079071,96.0,24.341344833374023,-16.306337131024602
1758758959.0980692,0,0,0,-21.77733713851868,41.44391261839714,-229.6170297982389,0.5195062160491943,0.00037509564921768155,0.003794266005580792,-2.9903506340555155e-05,2.7859693735729556e-05,-0.0007463536543259428,84.69000244140625,67.0,0.0949999988079071,62.0,24.47781753540039,-15.957322139249063
1758758959.198058,0,0,0,-21.81233081744849,41.485847903395424,-230.1610193006817,0.5657932162284851,0.0017475093181020078,0.0038750117988248806,-1.622829912578791e-05,2.488666635520392e-05,-0.0007518020139028776,84.13999938964844,134.0,0.0949999988079071,29.0,24.66181182861328,-15.996130833947943
1758758959.2980955,0,0,0,-21.84916797470934,41.5325556861862,-230.6986111098833,0.6163043975830078,8.596551016392035e-05,0.004002712551347522,9.639638544729437e-06,1.5400189713040445e-05,-0.000781036315152739,85.0199966430664,133.0,0.0949999988079071,63.0,24.74996566772461,-15.752477217955954
1758758959.398052,0,0,0,-21.888954645304874,41.583298443233055,-231.29521415119302,0.6641861200332642,-3.517702909121051e-05,0.003487449989537041,-2.2026744734725866e-05,2.174040005850506e-05,-0.0009292687322020501,85.0199966430664,134.0,0.0949999988079071,29.0,24.93502426147461,-15.974854495043116
1758758959.4980242,0,0,0,-21.931697626929324,41.63748598119176,-231.9795993899051,0.7086445689201355,0.0018838163804279114,0.003456346435411773,-3.2960763022933066e-06,1.055223080717815e-05,-0.0009782643147517366,85.0199966430664,145.0,0.0949999988079071,95.0,25.04094123840332,-15.81383191517841
1758758959.598052,0,0,0,-21.97570113104183,41.696195861339504,-232.67558736075557,0.7503268122673035,0.0017600441457891166,0.005876717924025408,2.3016259622862023e-06,5.448680216510732e-05,-0.0019476877101430468,85.05999755859375,134.0,0.0949999988079071,96.0,25.16511344909668,-15.640892100211238
1758758959.698058,0,0,0,-22.02105959239173,41.758773302245814,-233.3941796808943,0.7865429520606995,7.005552521521731e-06,0.002645773191078245,-3.8621659430986055e-06,2.472963094539547e-05,-0.001053766373640989,85.05999755859375,233.0,0.0949999988079071,62.0,25.354825973510742,-15.5590462890555
1758758959.7980487,0,0,0,-22.06828640208118,41.82407819367613,-234.17699263917575,0.8164067268371582,0.0012900185925033174,0.0017921969175335086,-2.1563806393298504e-05,-1.9867416495422046e-06,-0.0011252839419685775,85.29000091552734,134.0,0.0949999988079071,62.0,25.511024475097656,-15.302691693486352
1758758959.898027,0,0,0,-22.11603322939202,41.892130956097226,-234.97659875030064,0.8373551964759827,0.0017381719887133744,0.0010526032858667773,-1.3978324080154496e-05,1.2895575140023148e-05,-0.0010945249554882585,85.0199966430664,122.0,0.0949999988079071,18.0,25.711841583251953,-14.982079774230925
1758758959.9980557,0,0,0,-22.163057138058566,41.962470130314266,-235.7556850614008,0.8443417549133301,0.000870767024957719,-0.0006126322699772919,-3.6007258076608155e-05,6.807991358084793e-05,-0.0021856458676146233,85.29000091552734,78.0,0.0949999988079071,100.0,25.819087982177734,-14.977118021915354
1758758960.0980349,0,0,0,-22.20925499621757,42.03320830141424,-236.5499926390491,0.8374570608139038,0.0007958342676274981,-0.0011133881823729402,-9.919705715270578e-06,4.142333934118731e-05,-0.0011320416321002307,85.05999755859375,100.0,0.0949999988079071,29.0,26.00649070739746,-15.002355208424271
1758758960.1980386,0,0,0,-22.253654361553686,42.103316481348465,-237.3623044924708,0.8207018375396729,0.0035605127394838605,-0.003245769117777152,-5.175201193125395e-06,0.00015661945339979838,-0.0022236065482940707,85.29000091552734,77.0,0.0949999988079071,96.0,26.169200897216797,-15.157826938118953
1758758960.2980387,0,0,0,-22.295356200757116,42.172875581980065,-238.14842448021398,0.7993863821029663,0.0010463790800310628,-0.001813342799729238,-1.1630630046207811e-05,7.428672044104364e-05,-0.0010634050673651427,85.0199966430664,134.0,0.0949999988079071,29.0,26.37388801574707,-15.32605383406431
1758758960.3980124,0,0,0,-22.33468279002567,42.24124135401222,-238.90442659005697,0.7751487493515015,-3.069181806827665e-05,-0.0022748620944285603,-6.2721658269399975e-06,8.787029783415606e-05,-0.0010458063972397015,85.33999633789062,167.0,0.0949999988079071,62.0,26.504562377929688,-15.538716942648664
1758758960.4980319,0,0,0,-22.372406108872575,42.30740197419323,-239.6434114047064,0.7458353042602539,0.0006252014267230517,-0.0026538188747583812,-6.775706199910189e-06,4.249614803990335e-05,-0.001012073569585396,84.79000091552734,100.0,0.0949999988079071,29.0,26.709407806396484,-15.773796516708483
1758758960.5980575,0,0,0,-22.407977202989013,42.3712060371661,-240.35476742326074,0.7132253050804138,0.0009400553136693825,-0.002835275778795739,-1.0419174186770074e-05,3.994660778275348e-05,-0.0009569030316141396,85.33999633789062,100.0,0.0949999988079071,96.0,26.737438201904297,-16.148560785530783
1758758960.698066,0,0,0,-22.440813339933243,42.432679469932324,-241.02536119963202,0.6782833337783813,0.00045774942172141324,-0.0028156812170045883,-4.574190646817671e-06,5.4834687167816556e-05,-0.0009085211377520911,84.63999938964844,247.0,0.0949999988079071,76.0,26.982446670532227,-16.60159935455183
1758758960.7980275,0,0,0,-22.47126898986825,42.491545263101436,-241.6664680244275,0.6451232433319092,0.000292936522505391,-0.0021724407936313936,7.998303851671941e-06,8.350755875864766e-06,-0.0008762561832817434,84.69000244140625,367.0,0.0949999988079071,62.0,27.147424697875977,-17.089401756396384
1758758960.8980677,0,0,0,-22.499954383165168,42.54818387217984,-242.28158698105648,0.6249119639396667,0.0004106758227643087,-0.0005470631931733916,1.500874280217886e-05,2.833857033194431e-06,-0.0008312890581675947,84.69000244140625,142.0,0.0949999988079071,96.0,27.29960060119629,-17.53438534498435
1758758960.9980533,0,0,0,-22.527752180971312,42.604143636937366,-242.87395938079288,0.624743640422821,0.0006048706183696496,0.0012376331984988603,3.91425823938069e-05,-6.779938060036853e-05,-0.0016478630073904462,84.63999938964844,134.0,0.0949999988079071,29.0,27.493146896362305,-17.89842348922325
1758758961.0980496,0,0,0,-22.55559660677939,42.660865464864564,-243.47592533313622,0.638577401638031,0.0005311594245456846,0.0016544257606653893,2.0181235859835215e-05,-3.446824478403427e-05,-0.000868484851102226,84.41999816894531,66.0,0.0949999988079071,28.0,27.641321182250977,-17.956724218838243
1758758961.198065,0,0,0,-22.584172375273756,42.71942835967136,-244.10767050410573,0.6628303527832031,0.002098738987081888,0.005227958277361024,6.362111523997047e-05,-3.6434909291169836e-05,-0.0017914528341418158,84.30999755859375,66.0,0.0949999988079071,63.0,27.742780685424805,-17.79032521118544
1758758961.2980876,0,0,0,-22.613042068323065,42.78119036396211,-244.7583283253948,0.6983793377876282,0.0008191851214344137,0.0028874453551854,2.2403616180630678e-05,-4.100959901977034e-06,-0.0009353634061378322,84.08999633789062,167.0,0.0949999988079071,29.0,27.880281448364258,-17.647030789999302
1758758961.3980432,0,0,0,-22.642630371066947,42.84666324056766,-245.449512118489,0.7347632646560669,0.0005786917293781047,0.0029177644900841913,1.1142972902005756e-05,1.5859821629099552e-06,-0.001008164031845182,83.98999786376953,178.0,0.0949999988079071,74.0,28.04600715637207,-17.536840083262867
1758758961.4980557,0,0,0,-22.673044880816555,42.91573367724947,-246.18498996537136,0.7704123854637146,0.0008359547621856103,0.0028883464202896884,-6.072043157746595e-07,9.937955389353513e-06,-0.0010531737603891335,84.04000091552734,133.0,0.0949999988079071,63.0,28.200063705444336,-17.47810354019858
1758758961.5980222,0,0,0,-22.703820224906107,42.988456671602044,-246.94799600331027,0.8050715327262878,0.0008392214589504823,0.002555394263888522,-4.9840642476078705e-06,5.507362317659936e-06,-0.0010845632601903076,84.04000091552734,167.0,0.0949999988079071,62.0,28.355501174926758,-17.40679758326397
1758758961.6980367,0,0,0,-22.73490291673275,43.06471603719415,-247.73954262325492,0.8385851383209229,0.0007814814903774214,0.0028529059692305975,-7.94505899926098e-06,-8.839644039739687e-06,-0.0011442272391938033,84.26000213623047,167.0,0.0949999988079071,62.0,28.51081657409668,-17.54224683668484
1758758961.7980437,0,0,0,-22.76638975782709,43.144443182844796,-248.57583317875367,0.872146487236023,0.0013154632772494964,0.0026838528748163973,-1.596224375304659e-05,1.0744589620896294e-05,-0.0011902779623183025,84.04000091552734,136.0,0.0949999988079071,31.0,28.701004028320312,-17.971025146069667
1758758961.8980327,0,0,0,-22.797823776685846,43.2276898765847,-249.4371817378272,0.9031652808189392,0.001216817930646338,0.002268339684846703,-2.9261747561920905e-05,2.813799613231495e-05,-0.001225420905164064,83.5,196.0,0.0949999988079071,24.0,28.81861114501953,-17.99557055988528
1758758961.9980245,0,0,0,-22.82893399346688,43.314171523179596,-250.32300270699255,0.9302380084991455,0.0012286817407913667,0.0021386766430365103,-1.5153648343206652e-05,2.170029556608183e-05,-0.0012574853918837891,83.70999908447266,300.0,0.0949999988079071,63.0,28.970226287841797,-18.188745343023474
1758758962.0980608,0,0,0,-22.859700678479978,43.403687209423936,-251.23571182345785,0.9568431377410889,0.0013580779786368535,0.0020536811255113165,-1.1857953776580147e-05,2.794601294456443e-05,-0.0012972597989296614,83.33000183105469,414.0,0.0949999988079071,42.0,29.123046875,-18.471391766637066
1758758962.1980329,0,0,0,-22.890270360194812,43.497182973686854,-252.16452454244444,0.985173225402832,0.00441778160282346,0.004695610705910378,-4.59881426480985e-05,0.00010284833644988876,-0.002559842838791902,83.16999816894531,100.0,0.0949999988079071,29.0,29.29827117919922,-18.647652976249617
1758758962.298034,0,0,0,-22.919489181311675,43.59424370947339,-253.07060441747956,1.0155694484710693,0.0011766889671593313,0.0021914986334455044,-3.574964352351132e-07,5.1005764285000105e-05,-0.0012573005020169341,83.44000244140625,134.0,0.0949999988079071,29.0,29.41923713684082,-18.443236459049412
1758758962.3980505,0,0,0,-22.947996918909173,43.69443216912763,-253.98353952324993,1.0430693626403809,0.0007260057307939854,0.0020162080600293173,-1.592228944039869e-05,3.209041328849056e-05,-0.0013121460710611855,83.66000366210938,167.0,0.0949999988079071,96.0,29.551008224487305,-18.27689120544718
1758758962.4980743,0,0,0,-22.976396629042657,43.79738406291975,-254.9253956032627,1.07022225856781,0.0017062802960665646,0.002079138830700555,-6.692020039340416e-06,1.8387354734557543e-05,-0.0013081454982834554,83.38999938964844,134.0,0.0949999988079071,96.0,29.72527503967285,-18.10887328231502
1758758962.5980413,0,0,0,-23.003735215854416,43.90358062435164,-255.84569972910163,1.099499225616455,0.0018021727804604436,0.0022114830768509967,-4.970392832273378e-06,3.4654227244116134e-05,-0.0012372281150710635,83.44000244140625,67.0,0.0949999988079071,29.0,29.906879425048828,-18.01481500204579
1758758962.6981053,0,0,0,-23.029748882218772,44.01309126737662,-256.7201196061135,1.1286988258361816,0.0010264274007214583,0.0022567908208936806,-2.5411163223795944e-05,2.319685817503118e-05,-0.0011947118022677997,83.12000274658203,92.0,0.0949999988079071,20.0,30.059236526489258,-17.81636154371538
1758758962.7980454,0,0,0,-23.055273226058006,44.12571437227641,-257.572036491604,1.158210277557373,0.0011657574626985098,0.002128461231833359,3.2433294692953536e-06,4.612104395127981e-05,-0.001168503606193769,82.79000091552734,93.0,0.0949999988079071,96.0,30.18903350830078,-17.643375381766976
1758758962.8980668,0,0,0,-23.07996452391294,44.24133449839953,-258.38779243912796,1.1832367181777954,0.0021572548972582065,0.0015841532687394292,-1.7169522611178964e-06,7.171782589600434e-05,-0.0010785384410409368,83.33000183105469,100.0,0.0949999988079071,62.0,30.326444625854492,-17.518123456535083
1758758962.9980497,0,0,0,-23.102770278146245,44.35951394973547,-259.1358981437667,1.2026538848876953,0.002488634378912961,0.002440846157049068,6.741534155512055e-06,0.00017505744335478979,-0.001994225624211341,83.05999755859375,204.0,0.0949999988079071,100.0,30.503812789916992,-17.50117420213348
1758758963.0980294,0,0,0,-23.124248002896824,44.479604303583756,-259.834431813784,1.2161040306091309,0.0005688052412441359,0.0008042435985619561,-1.9460805583172886e-05,7.435743778548162e-05,-0.0009380337852011063,82.73999786376953,172.0,0.0949999988079071,67.0,30.643943786621094,-17.548732149316304
1758758963.1980295,0,0,0,-23.14450062667159,44.60042003393405,-260.4826402978878,1.2236039638519287,0.0019102740403312657,0.00050030738641772,-9.77750332475218e-05,9.052223436983873e-05,-0.0016860275395235592,83.12000274658203,133.0,0.0949999988079071,29.0,30.849281311035156,-17.694355792904762
1758758963.2981453,0,0,0,-23.163742323632867,44.721815081988694,-261.0543961285759,1.2243156433105469,0.0006180135808097545,-0.00043680015563328663,-5.830546980815952e-05,9.072984519588896e-06,-0.0007339350130303883,83.38999938964844,134.0,0.0949999988079071,29.0,30.981630325317383,-17.804434311519838
1758758963.398065,0,0,0,-23.18189789057522,44.84301976364508,-261.55253601293185,1.217395544052124,0.0013047887019530537,-0.0010715721493832868,-4.2880572850236494e-05,-1.3797857141409123e-05,-0.0012795052646093724,83.93000030517578,131.0,0.0949999988079071,96.0,31.137800216674805,-18.06980508098517
1758758963.4980729,0,0,0,-23.19903748952111,44.963602624231626,-261.97778181942437,1.2095093727111816,0.0010047430888980875,-0.0006736315413501082,-2.3436991057254144e-06,-1.1566194611470392e-05,-0.0005160153600074494,83.16999816894531,130.0,0.0949999988079071,25.0,31.29104995727539,-18.814697238645046
1758758963.598049,0,0,0,-23.21496092081432,45.083700675969716,-262.31699491071186,1.2061902284622192,8.759111863419788e-06,0.00042513001369095957,-1.4002398132980349e-05,-4.223998814297526e-05,-0.00043450560645857684,83.70999908447266,134.0,0.0949999988079071,96.0,31.43746566772461,-19.194526242797934
1758758963.6980531,0,0,0,-23.230701423349988,45.204130945906435,-262.62042777700464,1.2161041498184204,0.00017494453901126293,0.0014288049003137323,-5.429227636895232e-07,-2.0615876399345736e-05,-0.0004061033704634187,83.44000244140625,134.0,0.09399999678134918,29.0,31.579620361328125,-19.966929518526467
1758758963.7980468,0,0,0,-23.24657996076591,45.32608277706053,-262.89393068333914,1.2351106405258179,0.0010058597382291855,0.0019449129796471388,-2.9647337649620505e-06,-2.586113749707921e-05,-0.0003183054065679759,83.12000274658203,148.0,0.09399999678134918,44.0,31.703689575195312,-20.164321243818346
1758758963.8980622,0,0,0,-23.26166673210075,45.45027996165668,-263.1008674126133,1.2579535245895386,0.0003338495490259185,0.0016737721707856983,8.191180727588763e-06,-1.93861481468992e-05,-0.00024099917372137346,82.73999786376953,134.0,0.09399999678134918,62.0,31.83151626586914,-20.87175932680315
1758758963.9980626,0,0,0,-23.27637846509424,45.576665965176176,-263.2553090870374,1.2762750387191772,1.69503339024517e-05,0.0010844615355153034,6.204407481456182e-06,3.747004061023173e-05,-0.0001746012256277397,82.73999786376953,134.0,0.09399999678134918,62.0,31.961267471313477,-20.708063890322173
1758758964.098067,0,0,0,-23.291116508824256,45.70446879526743,-263.3595470109224,1.2864162921905518,0.0003268710092379359,0.0004867252138343835,-1.2529418314694617e-05,6.234902046820984e-06,-0.00010000010380802608,81.76000213623047,116.0,0.09399999678134918,45.0,32.11250686645508,-21.80380186970886
1758758964.1980639,0,0,0,-23.309373556488413,45.858815822907346,-263.41524898692796,1.2904330492019653,-0.0005331473628100062,-0.0005626377076341041,-6.440276454450444e-05,-3.117983542311155e-05,-5.9896855085045546e-05,81.11000061035156,87.0,0.09399999678134918,97.0,32.23678970336914,-22.67229855451535
1758758964.2980278,0,0,0,-23.321673813338954,45.961610650608755,-263.4167925052296,1.285994529724121,3.102410943308128e-05,-0.0007637025957878533,-1.1586562793576764e-05,1.822468633746723e-05,2.8591430268893876e-05,80.58000183105469,100.0,0.09399999678134918,29.0,32.35897445678711,-24.016043718702704
1758758964.3980427,0,0,0,-23.336801372893067,46.08929072212421,-263.3747179745512,1.2752604484558105,0.0007222408409200292,-0.002153846540205693,-3.187160508974688e-05,7.91934786752565e-05,0.0002380925907983086,81.05000305175781,94.0,0.09399999678134918,46.0,32.47154998779297,-24.658630840424212
1758758964.4980502,0,0,0,-23.351392427152398,46.21576004171212,-263.26299297534683,1.259480357170105,-0.0003722930031823928,-0.0014109923701765524,-4.230198199719531e-05,7.84056129492131e-05,0.00021466445397833376,81.16999816894531,118.0,0.09399999678134918,86.0,32.58211135864258,-25.42632600343144
1758758964.598038,0,0,0,-23.36615940052069,46.340391050510604,-263.0877428032193,1.2375768423080444,-0.0007612313777602337,-0.002051245352426353,-4.736951263135373e-05,5.307714891369515e-05,0.0003045197822367846,80.83999633789062,143.0,0.09399999678134918,38.0,32.688995361328125,-26.579320233388245
1758758964.6980145,0,0,0,-23.38144796634218,46.462399343595145,-262.84579125751924,1.2102078199386597,-0.00041650065716647693,-0.002289256619262128,-5.340196785008955e-06,6.2737259471035065e-06,0.00040599053706582,81.05000305175781,129.0,0.09399999678134918,91.0,32.77470016479492,-27.019121525014878
1758758964.7980127,0,0,0,-23.397063858606874,46.58142242644508,-262.53395775190336,1.1810489892959595,-0.0009045988434459039,-0.0022036149407572165,-8.010575980832085e-06,-5.025629011991264e-05,0.00046960859155508914,80.72000122070312,266.0,0.09399999678134918,61.0,32.881378173828125,-27.511468702075287
1758758964.898039,0,0,0,-23.413329112442067,46.697603293737934,-262.1976592197184,1.1546539068222046,-0.0005796993380534844,-0.0022350905715409044,-1.3978038830766392e-05,-6.202193164104545e-05,0.0004680804723854392,80.72000122070312,100.0,0.09399999678134918,62.0,32.98503875732422,-28.469873445205053
1758758964.998039,0,0,0,-23.429962362933377,46.810875763020974,-261.8684194807065,1.1248644590377808,-0.00024220935114166025,-0.0023370612401660234,-1.644734384367254e-05,-3.0092212416859925e-05,0.00045186869794672056,80.77999877929688,134.0,0.09399999678134918,62.0,33.10700225830078,-29.22045621429134
1758758965.0980604,0,0,0,-23.449830445238902,46.94283048312116,-261.47549502556933,1.0844358205795288,-0.0005867420179519843,-0.00294342025544955,7.808272776220084e-06,-4.0834006940881886e-05,0.0004583809055173893,80.77999877929688,134.0,0.09399999678134918,96.0,33.20634078979492,-30.3660398866459
1758758965.1980317,0,0,0,-23.463378183451386,47.028170909985995,-261.2185725521268,1.0569761991500854,-0.0017813388986817349,-0.005575683821863556,2.2612147488745914e-05,-1.6258789677803195e-05,0.0008620088184938589,80.77999877929688,101.0,0.09399999678134918,30.0,33.302886962890625,-31.3634195111226
1758758965.2980595,0,0,0,-23.484027622123627,47.15183505584565,-260.85570428276503,1.0140947103500366,-0.00036624902758682255,-0.0029002091765698897,1.2282489509140901e-05,-1.1689450397825638e-05,0.00041567108066664995,80.5199966430664,67.0,0.09399999678134918,29.0,33.378265380859375,-32.71912966301865
1758758965.3980258,0,0,0,-23.49749336446049,47.231273289318956,-260.6102095038706,0.9823997616767883,-0.00026703715487119413,-0.003260778146347265,2.0327718168410283e-05,1.729430863762246e-05,0.00044025299210944025,80.26000213623047,100.0,0.09399999678134918,29.0,33.48859405517578,-33.80807020407203
1758758965.4980588,0,0,0,-23.51061931240179,47.30815076422773,-260.3570098849538,0.9405510425567627,-0.0008381778866234522,-0.003504435453070484,-6.829052009420676e-07,3.07218901078357e-05,0.00044268310328098796,80.06999969482422,200.0,0.09399999678134918,96.0,33.559452056884766,-35.27488416493657
1758758965.5980446,0,0,0,-23.53028748710468,47.41828364567152,-259.9755360104261,0.896969199180603,-0.0004582997362718521,-0.003628946823339135,5.502642572727529e-07,2.367352865992764e-05,0.00045735647340336676,79.80000305175781,68.0,0.09399999678134918,30.0,33.66117477416992,-37.29103337337059
1758758965.6980648,0,0,0,-23.54326057876889,47.48810035080124,-259.70767116750807,0.8527409434318542,-0.0008524142914182894,-0.0032120971376463107,1.1058357081507839e-05,-1.5040796546374578e-05,0.000494203962480808,79.73999786376953,68.0,0.09300000220537186,79.0,33.74229431152344,-39.27319612654305
1758758965.7980456,0,0,0,-23.562646200546492,47.58767947286531,-259.27594447356444,0.813254714012146,-0.0005551312458867751,-0.0030220581973279233,1.994600864985396e-05,-3.7854960160803235e-05,0.0005141080354747393,79.29000091552734,100.0,0.09300000220537186,29.0,33.81984329223633,-41.13042232987744
1758758965.8980563,0,0,0,-23.578881452566897,47.66631998332763,-258.912591702918,0.7759230732917786,-0.00035597488287287437,-0.002816012652068096,1.448801670120918e-05,-5.1755857501477636e-05,0.0004892093505634139,80.91999816894531,134.0,0.09300000220537186,63.0,33.89421081542969,-43.34055566212767
1758758965.9980536,0,0,0,-23.594745989492807,47.74124483034532,-258.56738802425514,0.7391625642776489,-0.00018581549242770667,-0.0031679588965879014,-1.1155329203660374e-05,-3.980541229021177e-05,0.0004683109445285867,80.77999877929688,134.0,0.09300000220537186,63.0,33.96527862548828,-45.57437090023137
1758758966.098081,0,0,0,-23.610143348908455,47.81235221167409,-258.23683457006393,0.6990031003952026,-0.00041954695256752066,-0.0034293578162897403,-3.617905967235331e-06,-1.3398287010794362e-05,0.00045276340277702095,81.05000305175781,134.0,0.09300000220537186,97.0,34.033084869384766,-48.18970017621269
1758758966.198074,0,0,0,-23.625486256268353,47.87926389936482,-257.9228325453045,0.6558152437210083,-0.001067116916164985,-0.0067109821570160875,2.2521327806150646e-05,-3.168381147582775e-05,0.00083066958651536,80.77999877929688,200.0,0.09300000220537186,62.0,34.08510208129883,-51.440805957934565
1758758966.2980773,0,0,0,-23.64045345221232,47.9418089986328,-257.6345867654746,0.6121976971626282,-0.0002928781830754153,-0.0034913492082820287,4.758692553237718e-06,-2.2592458901157783e-05,0.0003832854038093924,80.5199966430664,167.0,0.09300000220537186,29.0,34.158042907714844,-55.22138789509749
1758758966.3980515,0,0,0,-23.654609706886948,47.99995924787412,-257.3635038180565,0.5681185126304626,-0.00010244384281194135,-0.003786776392270713,5.943777091109333e-06,-1.101082951038901e-05,0.00036907411283390335,80.58000183105469,134.0,0.09300000220537186,30.0,34.21497344970703,-59.601953018696186
1758758966.4980516,0,0,0,-23.667803787176943,48.05371350784615,-257.107232490194,0.5213069915771484,-0.00038392851991135655,-0.0037206393709857313,4.927052022841801e-06,-1.0732769595040297e-05,0.00033657280779429786,80.83999633789062,100.0,0.09300000220537186,29.0,34.26744842529297,-64.89167503153185
1758758966.5980372,0,0,0,-23.68004225607997,48.10280653086676,-256.87570064343055,0.4746275842189789,-0.0003772855110171829,-0.003722938432498664,1.0248141230531497e-05,1.947954056834788e-06,0.0002983576309707507,80.19000244140625,133.0,0.09300000220537186,29.0,34.31571960449219,-71.74240144054038
1758758966.6980627,0,0,0,-23.691517569108143,48.1472758852231,-256.66811422549506,0.42821556329727173,-0.00013969417117914713,-0.003745736959637809,8.102307455821327e-06,-9.783754863554608e-06,0.0002706396487274287,80.38999938964844,135.0,0.09300000220537186,65.0,34.359989166259766,-79.70453670575512
1758758966.7980387,0,0,0,-23.70210516908196,48.187237039702424,-256.4790456472737,0.3818196654319763,-0.00015305612994609863,-0.007383177241010844,1.008729338337983e-05,-1.7461923488326836e-05,0.0004929565810857702,80.19000244140625,167.0,0.09300000220537186,63.0,34.399879455566406,-88.74608110949092
1758758966.8980923,0,0,0,-23.711616905055283,48.222665669708945,-256.31240000568175,0.33526113629341125,-0.00021308229928602323,-0.0037409873455299296,1.12457375517486e-05,-1.062016926515994e-05,0.00021282158387310698,80.72000122070312,96.0,0.09300000220537186,25.0,34.42848205566406,-101.64989863043887
1758758966.9980657,0,0,0,-23.720045081663564,48.25348291397821,-256.16960840824265,0.28882426023483276,-0.0001747328441356566,-0.003745079611750574,3.535157862995639e-06,-4.481997544876811e-06,0.0001824704874626712,80.77999877929688,135.0,0.09300000220537186,64.0,34.46689987182617,-118.06255573149103
1758758967.098059,0,0,0,-23.728790486276203,48.28442364218838,-256.02467748834727,0.2335936427116394,-0.00015999757397517072,-0.003628737984635276,-8.497883619201481e-07,-1.81098378206231e-05,0.00015408645308697893,81.69999694824219,100.0,0.09300000220537186,29.0,34.493595123291016,-144.58740961470573
1758758967.198058,0,0,0,-23.73367491150576,48.30135400028713,-255.94344576628407,0.19731464982032776,-7.222469797682452e-05,-0.00714105290421526,1.7186961512274942e-05,-5.118529767394933e-06,0.0002530048929085791,82.30000305175781,96.0,0.09300000220537186,62.0,34.51642608642578,-170.53739123586638
1758758967.2980647,0,0,0,-23.73874950149389,48.31859922854264,-255.86209484532043,0.15306469798088074,-5.859138966312022e-05,-0.003502190958217009,-3.274343040453882e-06,-1.1916058957524598e-05,9.391151721193393e-05,82.3499984741211,167.0,0.09300000220537186,63.0,34.534549713134766,-221.88236130883945
1758758967.3980708,0,0,0,-23.74269349659601,48.331645964224606,-255.80078484628945,0.1099015548825264,-7.741887578446968e-05,-0.0034401850138607954,3.1625131706002058e-06,2.717444510222557e-06,6.912162258964185e-05,82.3499984741211,134.0,0.09300000220537186,63.0,34.548580169677734,-303.6622638779395
1758758967.4980512,0,0,0,-23.74550662072779,48.34054769878571,-255.75911709945763,0.06775396317243576,-0.00012118081443763314,-0.0033356505404198425,2.7457420016219903e-06,-3.4276306584961555e-06,4.087975488146133e-05,82.3499984741211,140.0,0.09300000220537186,36.0,34.55863952636719,-484.2405027608547
1758758967.5980432,0,0,0,-23.747603651464523,48.34592221081696,-255.73500131564083,0.01823854260146618,-6.838690115012255e-05,-0.0032638579034330794,-2.317551026675786e-06,-4.907783230697125e-06,1.5036203212703922e-05,82.3499984741211,105.0,0.09300000220537186,67.0,34.564796447753906,-1627.6275335262085
1758758967.6980495,0,0,0,-23.74815970170101,48.34626615140033,-255.7334725855497,-0.015136263333261013,0.00010395724862499885,-0.0022012812058930967,1.1812788242950325e-05,-3.4414711348867026e-06,-1.2685581365397412e-05,82.3499984741211,100.0,0.09300000220537186,96.0,34.567283630371094,3024.527793707506
1758758967.7980492,0,0,0,-23.748080113460556,48.34436087382082,-255.7356648057529,-0.023348188027739525,0.00019180001791726183,0.002218521476486342,9.866059580579232e-05,3.0118473050042845e-05,2.473159890485374e-05,82.08000183105469,134.0,0.09200000017881393,29.0,34.565673828125,1725.1160994777524
1758758967.8980544,0,0,0,-23.748099468062225,48.343266081619355,-255.7256163069402,-0.005181930027902126,-0.0007535566598419658,0.0015682713310243726,2.108374254298622e-05,-5.019303904452462e-06,-1.2455148048800454e-07,82.41000366210938,86.0,0.09200000017881393,96.0,34.564212799072266,25173.437041295198
1758758967.99805,0,0,0,-23.749146521977327,48.34380373005253,-255.73180545297112,0.008523145690560341,0.0002799569131351537,-0.00023548212598765482,-1.900883577475543e-05,-7.127753596054444e-06,-1.1353178022610872e-05,82.68000030517578,86.0,0.09200000017881393,75.0,34.56391525268555,-2568.716531735304
1758758968.098051,0,0,0,-23.75003874303478,48.34458654420185,-255.73495616491635,0.0007019824697636068,0.0002811552686263197,-0.0009967477737782174,-6.3302468580172815e-06,-7.034236940972346e-06,1.1140374080788076e-05,83.16999816894531,134.0,0.09200000017881393,99.0,34.56538391113281,-5999.687642257719
1758758968.1980643,0,0,0,-23.75004426872301,48.3444922096473,-255.72928781314567,-0.00975917000323534,-0.0006420512590060625,-0.00023728053545417376,5.590070816269998e-05,2.3785785730389945e-05,4.4071329970188817e-07,83.38999938964844,167.0,0.09200000017881393,62.0,34.56544876098633,5552.9827386299
1758758968.2980554,0,0,0,-23.750181502885052,48.34401451086058,-255.73234746086342,-0.005000934936106205,0.0001717530827106977,0.0008487325664395364,2.0193622370045153e-06,1.0322471750217395e-05,-2.782021369877924e-07,83.33000183105469,135.0,0.09200000017881393,63.0,34.565128326416016,-1126715.9664845173
1758758968.3980474,0,0,0,-23.75049566131855,48.344338141809104,-255.72977209306043,0.0023617157712578773,-0.00024627751081556594,-9.939686336099342e-05,-1.3854201794633693e-05,-9.308007775640893e-06,2.63798563096459e-07,83.38999938964844,101.0,0.09200000017881393,29.0,34.56539535522461,-6269.00425384711
1758758968.4980452,0,0,0,-23.750974913209298,48.34471716638783,-255.73205505778787,-0.0027144511695951223,9.98830492745421e-05,-0.0006349042952774149,3.6213919030936224e-08,7.090268327709096e-06,-2.9812881866506368e-06,83.38999938964844,188.0,0.09200000017881393,84.0,34.566131591796875,-11197.0251514547
1758758968.5980132,0,0,0,-23.751262704780906,48.34444160962903,-255.7322169834049,-0.007862957194447517,4.789307193981272e-05,0.0001039552638449885,7.375784905323723e-06,-2.6729246349472827e-06,5.43794711534831e-06,83.66000366210938,167.0,0.09200000017881393,63.0,34.566490173339844,9064.440872607382
1758758968.6980412,0,0,0,-23.751488525214885,48.34415609113207,-255.72919314827413,-0.004218538291752338,-0.00027138234364785374,0.0003922578231600075,-2.626334037750506e-06,1.926545942402618e-06,-1.1782599593031912e-07,83.70999908447266,134.0,0.09200000017881393,62.0,34.56648254394531,-30545.569028681522
1758758968.7980435,0,0,0,-23.75202062921483,48.344159363575116,-255.73325288801908,-0.0020717508159577847,0.00014143021810673087,-0.0002097936124763194,-3.6751715761950175e-07,-4.494297447923816e-06,-3.1758397316391744e-06,83.05999755859375,172.0,0.09200000017881393,68.0,34.5667724609375,-11250.217463306475
1758758968.8980427,0,0,0,-23.75247823829243,48.34403089825756,-255.7320999041085,-0.006064285058528185,-0.00013678098956494531,-0.00039592223686265655,8.759159038884706e-07,-9.104067414603205e-06,3.7753310363335527e-06,82.8499984741211,100.0,0.09200000017881393,29.0,34.56736755371094,17190.821796650802
1758758968.998051,0,0,0,-23.75288114199474,48.343552875128275,-255.73150791562813,-0.00813378021121025,8.580104162068327e-05,0.00017901042432404572,1.3036290375402895e-05,-1.978719114804877e-05,-3.549859455572749e-06,83.38999938964844,167.0,0.09200000017881393,62.0,34.56742477416992,9954.846192333642
1758758969.098052,0,0,0,-23.753114094695594,48.34299309756419,-255.73464313100266,-0.004462140146642923,2.3331060602692817e-05,0.00020049481577851718,5.77624845616787e-06,-2.690382241983369e-05,-2.7157105406051112e-06,83.70999908447266,135.0,0.09200000017881393,63.0,34.567359924316406,70771.68039080719
1758758969.1980336,0,0,0,-23.753049027176502,48.34250075669267,-255.74314090171333,-0.00542730838060379,-0.0006889509777438246,-0.00048140530425089825,4.817319184821816e-06,-4.602223238461219e-05,-4.402362829351537e-05,83.70999908447266,141.0,0.09200000017881393,70.0,34.5671501159668,85049.29977452292
1758758969.2980976,0,0,0,-23.753156674004867,48.341895191680194,-255.76144135196364,-0.007027485873550177,9.326872763122047e-05,0.0003971066148209221,8.108420623779194e-06,-2.4337161822382392e-05,-3.5592995099253446e-05,83.61000061035156,167.0,0.09200000017881393,96.0,34.566444396972656,34235.069484888874
1758758969.3980482,0,0,0,-23.75338099391126,48.34149109927682,-255.7871009898551,0.003310626372694969,0.000731726393736567,0.0032575337872197325,7.91934320373684e-05,-1.698275652595217e-05,-5.312364113428535e-05,82.79000091552734,200.0,0.09200000017881393,96.0,34.565616607666016,-5544.5891417651355
1758758969.4980783,0,0,0,-23.753755950976362,48.34288856694513,-255.79667341913898,0.027509504929184914,-2.0812939029323093e-05,0.002298329022151193,2.332859007623375e-05,-1.4488852134619544e-05,1.4758190532373622e-06,83.05999755859375,134.0,0.09200000017881393,29.0,34.5658073425293,-999.2247516146714
1758758969.5980558,0,0,0,-23.754807587700842,48.34712559128554,-255.79757949620284,0.062294475734233856,-0.0005305894376784309,0.007127762117508944,4.819892410844683e-05,-6.334809314294022e-06,-3.860261527075607e-05,83.27999877929688,190.0,0.09200000017881393,86.0,34.56853103637695,-544.7599304133518
1758758969.6980655,0,0,0,-23.7572473057243,48.35541533236337,-255.81022339548844,0.11280076205730438,0.0004507447102126965,0.004524117664449382,3.7037707458043785e-05,9.834330355356358e-06,-2.208990264432102e-06,83.05999755859375,80.0,0.09200000017881393,63.0,34.57255554199219,-306.87654165932753
1758758969.7980156,0,0,0,-23.760791263671862,48.36902675726394,-255.8017078767761,0.16794171929359436,-0.00036121508710909274,0.008321592518198608,1.7720277811580205e-05,-1.2562139758172774e-05,4.4530360478746085e-05,82.79000091552734,110.0,0.09099999815225601,39.0,34.58236312866211,-201.1978522668624
1758758969.898042,0,0,0,-23.765762946916094,48.387734517344114,-255.7966341176383,0.21916814148426056,-0.00027151229411779523,0.0038365264086600145,1.3438674969385057e-06,-2.189584245041144e-05,-1.9391515428925636e-05,82.79000091552734,110.0,0.09099999815225601,39.0,34.597503662109375,-155.07010616828148
1758758969.9980552,0,0,0,-23.770988542553123,48.406083935172965,-255.81434541104284,0.26733919978141785,0.0005906395191339971,0.003783689860373649,1.4811035089657367e-06,-1.4278368914519482e-05,-4.1789611735954016e-05,81.16999816894531,122.0,0.09099999815225601,51.0,34.621280670166016,-128.26842720890733
1758758970.098024,0,0,0,-23.77984197128945,48.43920497772541,-255.85056603127362,0.3110131323337555,-0.0001431781276665415,0.002940608927973456,-5.348170227024578e-06,-3.519482026972523e-05,-6.971043652426423e-05,81.16999816894531,122.0,0.09099999815225601,51.0,34.646793365478516,-110.48554705208319
1758758970.198023,0,0,0,-23.7883135890619,48.47144015053769,-255.92058083736106,0.3459099531173706,-0.0003033559884731228,0.004691378645517748,-4.4080754519721114e-05,-1.8610908071275332e-05,-0.00029141208175323754,80.19000244140625,134.0,0.09099999815225601,62.0,34.676334381103516,-99.27916462805779
1758758970.2980437,0,0,0,-23.79782097196893,48.50662689974204,-256.0348025207141,0.3740106225013733,0.0005619088782390728,0.0022739710916859918,-3.182859116153436e-06,-1.4133611738327037e-06,-0.0001728853684212377,80.66000366210938,134.0,0.09099999815225601,96.0,34.709259033203125,-91.84618449262697
1758758970.3980553,0,0,0,-23.807595432504066,48.54458368106983,-256.1653780859124,0.39969268441200256,3.9952397261964074e-05,0.0014475327454735298,-8.592041455708934e-06,-6.168592547550162e-06,-0.00020824257484106494,80.19000244140625,120.0,0.09099999815225601,96.0,34.74431228637695,-86.58279364933091
1758758970.498013,0,0,0,-23.817702578205562,48.584576035873866,-256.3300768062536,0.41656169295310974,-0.00011267469769404983,0.0010782334923961333,-1.9522351929618172e-05,8.136758634203508e-07,-0.00026973046211122454,80.19000244140625,67.0,0.09099999815225601,29.0,34.781925201416016,-82.55428222159847
1758758970.5980418,0,0,0,-23.828271547699085,48.6259819923109,-256.5388172276172,0.4287724792957306,0.0002391670938005745,0.0006529707738526912,-1.6337057506986904e-05,-7.150868186999766e-06,-0.00031370381285436094,80.06999969482422,167.0,0.09099999815225601,62.0,34.821197509765625,-80.35547598600567
1758758970.698054,0,0,0,-23.838888344372215,48.668337856594235,-256.77683373844866,0.43599170446395874,0.00016823912867334302,0.0004600870503423035,-1.2031836897080801e-05,-1.630774781482697e-05,-0.0003624648777724951,80.12999725341797,134.0,0.09099999815225601,63.0,34.85315704345703,-79.71622414535882
1758758970.798042,0,0,0,-23.849492336940596,48.71135478087456,-257.0579621719162,0.44076016545295715,0.0003781149998487807,0.000478797135861163,-1.1887718283119506e-05,7.770796710242541e-06,-0.00042534855807595874,80.33000183105469,170.0,0.09099999815225601,66.0,34.902137756347656,-78.89936271679129
1758758970.898052,0,0,0,-23.859937503080644,48.755189808195446,-257.3724477261311,0.4553208351135254,0.00047381276214045323,0.0024412576298548875,2.4589267733771142e-05,5.3082914754719364e-06,-0.000455339693034227,80.12999725341797,147.0,0.09099999815225601,62.0,34.94235610961914,-78.13681585654747
1758758970.9980588,0,0,0,-23.87045981505599,48.801724924923874,-257.7113492297436,0.49225226044654846,9.570145891892382e-05,0.0036646141759256136,2.2278764071722914e-05,1.1063145143807667e-05,-0.0005074784753934294,80.12999725341797,134.0,0.09099999815225601,62.0,34.98427200317383,-71.62752311903817
1758758971.0980542,0,0,0,-23.881756820144222,48.85262430027425,-258.0907933962092,0.5398936867713928,0.00019358032734406955,0.003633174623130599,-1.927630365809808e-07,1.1965793240030903e-05,-0.0005704329092273227,79.29000091552734,86.0,0.09099999815225601,15.0,35.03070831298828,-64.1406461350704
1758758971.1980605,0,0,0,-23.893132853720918,48.90940537141372,-258.5110834772803,0.5847617983818054,0.001773945430378377,0.007062745020944001,2.4483922810219287e-05,4.953199834388754e-05,-0.0012059954177538884,80.06999969482422,91.0,0.09099999815225601,63.0,35.08191680908203,-59.6394217540279
1758758971.2980595,0,0,0,-23.90463913350721,48.97057345863992,-258.94646081597705,0.6286042928695679,0.0005338177012513284,0.003543120829831897,2.3903238468526682e-05,3.8136299909635865e-05,-0.0006293153516381104,80.12999725341797,137.0,0.09099999815225601,33.0,35.13676071166992,-55.88476571624556
1758758971.3980258,0,0,0,-23.91631228749057,49.03626735557544,-259.4114100467926,0.6729086637496948,0.00021858271067154672,0.0035629166738338444,7.358065306773291e-06,3.409200259928627e-05,-0.0006930292202154691,80.19000244140625,134.0,0.09099999815225601,29.0,35.18312072753906,-52.16894262198333
1758758971.4980555,0,0,0,-23.92855416747518,49.106260525179096,-259.9218364712789,0.7182273268699646,0.0008843972649249436,0.003380820909276644,-7.6379973648316e-07,5.0610966009505486e-05,-0.0007388094229355289,80.33000183105469,153.0,0.09099999815225601,82.0,35.25782775878906,-48.877179054533315
1758758971.5980453,0,0,0,-23.94075254674112,49.180852067186564,-260.4529512998018,0.7608217597007751,0.0004904472458226424,0.0033604523629064925,5.562483637496125e-06,1.9192314611194967e-05,-0.0007462341610973698,80.12999725341797,167.0,0.09099999815225601,63.0,35.32442855834961,-46.20321148896146
1758758971.6980555,0,0,0,-23.95303079742937,49.259615430393744,-261.000352536446,0.8006820678710938,0.00013376344500888967,0.003058857981313366,4.2103819857160085e-06,2.0557272950337337e-05,-0.0008019774181553848,80.06999969482422,167.0,0.09099999815225601,96.0,35.39432907104492,-44.24366755331265
1758758971.7980585,0,0,0,-23.965827961391803,49.34205070119043,-261.59401402308856,0.8386882543563843,0.0011606447128621623,0.003212288017657392,-1.9015668221717695e-06,6.660847206769835e-06,-0.0008521141628794924,79.73999786376953,202.0,0.09000000357627869,64.0,35.46765899658203,-42.194060527165256
1758758971.8980446,0,0,0,-23.978081265138773,49.428570701589884,-262.2014491925079,0.8779540061950684,0.0010046337172690606,0.0028879086694851034,-1.6475392704353435e-05,2.2387372195443765e-06,-0.0008335422196669126,78.9000015258789,155.0,0.09000000357627869,17.0,35.52592468261719,-42.3968867039523
1758758971.9980536,0,0,0,-23.989567956906345,49.51892077096194,-262.8039128538145,0.9149907231330872,0.0006055562585647795,0.005747528971627986,-1.7823760649526122e-05,-2.9963162094757665e-05,-0.001748298554896021,79.1500015258789,118.0,0.09000000357627869,14.0,35.61848831176758,-41.92381941615424
1758758972.0980542,0,0,0,-24.000906035419316,49.61315070512401,-263.44959498609916,0.9508916735649109,0.00115263838558513,0.002682388639766302,-2.6446213727246923e-05,2.1402716782903776e-05,-0.0009233366707852209,79.1500015258789,78.0,0.09000000357627869,7.0,35.66582107543945,-45.50592563668468
1758758972.1980517,0,0,0,-24.01089121298106,49.71169943037464,-264.11145640536773,0.9829338788986206,0.001362626094476355,0.002571593170060402,-1.879634086328454e-05,6.822728891213431e-06,-0.0009188415367783334,79.73999786376953,151.0,0.09000000357627869,96.0,35.75900650024414,-45.8927622140244
1758758972.2980342,0,0,0,-24.019597965100147,49.81342835750278,-264.77702285702935,1.0154640674591064,0.0004781015606592113,0.002482390409995461,-2.5893056841996805e-05,1.9687228291330084e-05,-0.0009472616770069222,80.06999969482422,167.0,0.09000000357627869,62.0,35.822349548339844,-47.641880401062664
1758758972.3980227,0,0,0,-24.027629004462284,49.9185604069248,-265.4669293379704,1.0465800762176514,0.0006363087741488428,0.002130876748270717,-4.13413924891397e-05,-6.6961599320503505e-06,-0.000979714095773033,80.0,167.0,0.09000000357627869,63.0,35.883033752441406,-49.807232802161174
1758758972.4980266,0,0,0,-24.035128486783567,50.02639237264422,-266.17392830125743,1.0731672048568726,0.0012238585527981345,0.001845638441962249,-3.0426665216457737e-05,-3.8016671590296008e-06,-0.0009870633192899047,80.06999969482422,167.0,0.09000000357627869,63.0,35.96019744873047,-50.139226457626904
1758758972.5980136,0,0,0,-24.041381935113662,50.13683754695149,-266.87677512819005,1.0935107469558716,0.0014000040883608835,0.0011993791653237369,-2.9919869584964538e-05,1.8650276836091546e-05,-0.0009696115194047407,78.95999908447266,100.0,0.09000000357627869,29.0,35.948638916015625,-57.66484183135217
1758758972.6980522,0,0,0,-24.046110081025894,50.249100521653425,-267.57110586161616,1.109266757965088,0.0014627602641615295,0.0011834409142569757,-2.994172214172058e-05,3.2941172117407324e-05,-0.0009642773721745971,78.95999908447266,100.0,0.09000000357627869,29.0,36.06296920776367,-56.422219586234476
1758758972.798042,0,0,0,-24.04929720394916,50.362694141234776,-268.25464422421624,1.1211342811584473,0.0009806385017293443,0.0004989183656332064,-3.7447282971911395e-05,6.340912748666784e-05,-0.0009273921515447272,79.0199966430664,200.0,0.09000000357627869,96.0,36.0775146484375,-65.77623938681026
1758758972.898048,0,0,0,-24.051147243040226,50.47729436966899,-268.90828978392744,1.1265923976898193,0.0006334114643793864,0.00020160210592529593,-2.38764241220394e-05,4.534350218238952e-05,-0.000894477129184667,79.0199966430664,167.0,0.09000000357627869,96.0,36.146419525146484,-69.66590717297639
1758758972.9980447,0,0,0,-24.052182757685358,50.59200270587266,-269.5446543825996,1.1269423961639404,0.0021523354694658863,-0.00022563882995546423,-8.063127842470019e-05,2.10101296631006e-05,-0.0017353602084018926,78.5,168.0,0.09000000357627869,64.0,36.1239128112793,-83.72448470566717
1758758973.0980222,0,0,0,-24.05195778885157,50.7064423580277,-270.15215376148325,1.1245689392089844,0.0010593661473271361,-0.00011711493298722077,-1.5771154241927097e-05,4.1326950669318004e-05,-0.0008246106062253484,78.83000183105469,100.0,0.09000000357627869,96.0,36.142066955566406,-97.28329314913418
1758758973.1980512,0,0,0,-24.05021583144586,50.82009035756986,-270.7341177056253,1.1256238222122192,0.0019060331511284332,0.0008135038706560682,-4.5518566910166563e-05,5.294887973515832e-05,-0.0015932272096829678,78.83000183105469,167.0,0.09000000357627869,97.0,36.17945861816406,-115.59598595763141
1758758973.2980688,0,0,0,-24.04730827092161,50.934245582342555,-271.2915772246938,1.1369554996490479,0.0009260575475125414,0.001648119992617187,-2.2038694994492256e-05,2.422207461936542e-05,-0.0007553109306131618,78.63999938964844,128.0,0.09000000357627869,58.0,36.18767166137695,-131.8716237305696
1758758973.3980508,0,0,0,-24.043297512654718,51.05021317776221,88.17606455050682,1.1637072563171387,0.0006618769643893502,0.0024748469415090558,3.372313297282218e-07,1.539076359740458e-05,-0.0007315855098395041,79.08000183105469,83.0,0.09000000357627869,84.0,36.21830368041992,-131.8443017653018
1758758973.4980488,0,0,0,-24.038321194302362,51.169056141642564,87.65840315848875,1.1936174631118774,0.00079593537040986,0.0024062617509588435,-2.335869287002147e-05,4.823002238246516e-05,-0.0007052633212277896,78.76000213623047,150.0,0.09000000357627869,46.0,36.240333557128906,-141.12551522570587
1758758973.5980222,0,0,0,-24.032109735821077,51.29083567938963,87.17031437861559,1.221898078918457,0.0025638818644654997,0.004413978405658742,-6.156706862661031e-05,7.813684028175028e-05,-0.001281123304144793,78.29000091552734,203.0,0.09000000357627869,99.0,36.170066833496094,-177.9245486157942
1758758973.6980398,0,0,0,-24.02442681792906,51.41528334538434,86.72929721571504,1.2500413656234741,0.0004954098299789481,0.0022965118875349837,-3.607940996095696e-05,3.250896884658866e-05,-0.0005888975510954936,78.0999984741211,100.0,0.09000000357627869,96.0,36.23719787597656,-175.72774250462328
1758758973.7980433,0,0,0,-24.01568117998514,51.54262943043321,86.31067129350505,1.280429720878601,0.00036828764412334924,0.0022687703491664586,-5.6919644316842855e-05,5.9975396780888874e-05,-0.0005747033170380457,77.66999816894531,134.0,0.09000000357627869,29.0,36.099666595458984,-233.55009058159632
1758758973.8980403,0,0,0,-24.006162136755915,51.67297891757372,85.90562885424791,1.311348795890808,0.001016428871274138,0.002136480129794823,-4.7921746312663013e-05,7.199441201299406e-05,-0.0005246578462801143,78.0999984741211,110.0,0.09000000357627869,39.0,36.16690444946289,-214.7132125171886
1758758973.9980488,0,0,0,-23.995575498074242,51.80586968275521,85.55105402392414,1.3328886032104492,0.00016128248032362991,0.00188117327142089,2.6118747828442082e-06,-1.6526526321191644e-05,-0.00045030792032516866,79.08000183105469,134.0,0.09000000357627869,29.0,36.076053619384766,-270.33741898887394
1758758974.0980341,0,0,0,-23.984614211890634,51.94095513980845,85.24091287635292,1.3555787801742554,0.00035548700027817856,0.0015526656555394874,-1.225264003801974e-05,2.7118964166458875e-05,-0.000385546558669028,79.22000122070312,126.0,0.09000000357627869,69.0,36.14400100708008,-272.69501023962613
1758758974.198065,0,0,0,-23.973053621591852,52.07933213229626,84.99104822051439,1.3750219345092773,0.0012752696559184143,0.0013157309552086522,-6.829062136446242e-05,9.578275599493671e-05,-0.00025868056336993546,80.33000183105469,81.0,0.09000000357627869,98.0,36.130069732666016,-336.18514303461893
1758758974.2980607,0,0,0,-23.960111443550563,52.219064899468506,84.84509384437423,1.3876928091049194,0.0007946650728128937,0.0007311035259211847,-9.484651193440969e-05,0.00012326727595169055,-9.922116575285636e-05,80.72000122070312,74.0,0.09000000357627869,62.0,36.114009857177734,-475.638846017977
1758758974.3980155,0,0,0,-23.94616499016812,52.35976364606634,84.8022532129879,1.393081545829773,-0.0015337364559983829,-0.00010575182184773647,-9.147657119794203e-05,6.21140146189621e-05,-2.807526660209497e-05,80.5199966430664,101.0,0.09000000357627869,97.0,36.08854675292969,-847.5704538646105
1758758974.498014,0,0,0,-23.933522802327854,52.50046068939795,84.78585812520149,1.3897359371185303,-0.0008150621944411888,-0.000732311939591396,-4.588967199373506e-05,-6.648394109854648e-05,-6.59136572379467e-06,81.37000274658203,112.0,0.09000000357627869,96.0,36.07343673706055,6052.723672367237
1758758974.598028,0,0,0,-23.921987946035802,52.64052502530393,84.8015102772103,1.3783392906188965,-0.00016529064590090065,-0.0025592883372467868,-2.7627276964165525e-05,-0.00017446674575779877,0.00011402249360835566,81.30999755859375,202.0,0.09000000357627869,98.0,36.048805236816406,565.2302159618094
1758758974.6980488,0,0,0,-23.91077252290486,52.77895997561816,84.85174264903654,1.3605377674102783,0.0008046251744416132,-0.0014837374134735863,-4.481202822575795e-05,-3.3258998597471544e-05,0.00010428181017433295,81.37000274658203,133.0,0.09000000357627869,62.0,36.012718200683594,281.9653760140975
1758758974.7980485,0,0,0,-23.898830649500667,52.91556191665902,84.95285195192481,1.3404712677001953,9.274148485186872e-05,-0.0016990747311624124,-4.772837379293732e-05,3.573008362353405e-05,0.00021629049181549117,81.43000030517578,133.0,0.09000000357627869,29.0,35.9129753112793,188.2910681394452
1758758974.8980458,0,0,0,-23.8867552552564,53.04987140956172,85.13424099101728,1.3151216506958008,-0.0009931206444672425,-0.0025656612792763953,-5.460526641138958e-05,5.6166525289047744e-05,0.0003355219826201266,82.30000305175781,167.0,0.08900000154972076,63.0,35.94733810424805,152.49674346252442
1758758974.9980547,0,0,0,-23.876054068801174,53.18121090582094,85.40829246211717,1.2843577861785889,-0.0027944930478497093,-0.004880084464996215,-6.541201361773055e-05,-5.721122031797693e-05,0.0008720807894963865,81.69999694824219,138.0,0.08900000154972076,62.0,35.882957458496094,117.41299832388658
1758758975.0980248,0,0,0,-23.867220404271066,53.30973619315379,85.72334586620548,1.258748173713684,-0.0009273430045599875,-0.001321655042308193,-2.0546980960775598e-05,-9.337749570456042e-05,0.0004322550509330364,81.69999694824219,169.0,0.08900000154972076,65.0,35.83610916137695,97.80791501614596
1758758975.1980767,0,0,0,-23.859998245830262,53.43636009242899,86.04323722629366,1.2485922574996948,0.0015256266783767343,-0.0005380332451092527,2.2081622468979014e-06,-3.536222584413479e-05,0.0009856066207757515,81.69999694824219,153.0,0.08900000154972076,96.0,35.884220123291016,90.95378806603138
1758758975.2980683,0,0,0,-23.852337921633826,53.56254058118137,86.42470903490842,1.251453161239624,-0.0006127159861927039,0.0010146398447584398,3.4081066984672027e-07,-5.562259238469379e-06,0.000580146418077054,81.76000213623047,200.0,0.08900000154972076,62.0,35.75471496582031,80.58330984695118
1758758975.3980463,0,0,0,-23.84510720604832,53.68955140176106,86.84107223020327,1.2660877704620361,-0.003082606894731785,0.0031414380535802876,4.582773061819466e-05,6.16869978629619e-05,0.001159316113080585,81.69999694824219,167.0,0.08900000154972076,63.0,35.68001937866211,76.52460054177261
1758758975.4980423,0,0,0,-23.83963670818231,53.8185350193779,87.26537692899832,1.2906562089920044,-0.0009539430924655452,0.0020960011383399403,3.8142641524285322e-06,-6.378265867371225e-06,0.0006408659431506464,81.97000122070312,134.0,0.08900000154972076,97.0,35.63374328613281,76.06854369460764
1758758975.5980468,0,0,0,-23.835090590744457,53.95015820109402,87.75880753639734,1.3151772022247314,-0.0012211650621424465,0.0016027634874796345,-8.724998536036888e-06,-4.0068238860331284e-05,0.0007620006623902672,82.23999786376953,151.0,0.08900000154972076,90.0,35.572601318359375,76.35627739213562
1758758975.6980562,0,0,0,-23.831583294223442,54.08396746568578,88.32855553618765,1.3352559804916382,-0.0013703277544352473,0.0013847108164677146,-1.2060486460815962e-05,-3.093225113023132e-05,0.0008483807319765187,82.94999694824219,167.0,0.08900000154972076,62.0,35.543182373046875,77.55664204549593
1758758975.7980514,0,0,0,-23.829695604213263,54.21976203056564,-271.03830591168804,1.3575962781906128,-0.0009314732067061618,0.0012902031098227752,1.424694476990329e-07,-1.8567841800095007e-05,0.0009473434625428689,83.01000213623047,167.0,0.08900000154972076,96.0,35.46324157714844,79.51648480889297
1758758975.898052,0,0,0,-23.82923736456535,54.357373755717724,-270.3392133046172,1.371247410774231,-0.001071718076022329,0.0016554370407078204,3.5212115981029645e-05,-1.6350550251675857e-06,0.0010319359536216058,83.05999755859375,111.0,0.08900000154972076,62.0,35.44724655151367,80.74405307899558
1758758975.9980607,0,0,0,-23.830412348008487,54.52490650104825,-269.41352240935504,1.396289348602295,-0.0016174587205580783,0.0016400361394715499,6.020113809179212e-05,-1.3528342673622225e-05,0.0011066506363532824,83.12000274658203,134.0,0.08900000154972076,30.0,35.4014778137207,84.69569835157047
1758758976.0980148,0,0,0,-23.83434017271491,54.6671099152596,-268.62178999635796,1.4150323867797852,-0.0031182819300123316,0.0012623228452363605,7.625329889890155e-05,9.89139936622993e-06,0.001095605022700846,82.73999786376953,98.0,0.08900000154972076,27.0,35.25047302246094,86.09968673012816
1758758976.1980255,0,0,0,-23.84046075430586,54.782701810400084,-267.986308415325,1.4221112728118896,0.000189739983785566,0.00042821227933907235,-5.497637231755451e-06,-2.3590511977522697e-05,0.0011806383900979025,83.12000274658203,99.0,0.08900000154972076,97.0,35.31698989868164,86.66256083352275
1758758976.2980554,0,0,0,-23.848839835506055,54.92788274831239,-267.0892212802446,1.4288077354431152,-0.0007953657062483498,0.0007807679928779997,2.4234191058139096e-05,-1.5404255953990435e-05,0.001360668298608679,83.12000274658203,127.0,0.08900000154972076,56.0,35.27017593383789,86.58555200734199
1758758976.3980432,0,0,0,-23.858225585205606,55.073674156115246,-266.0895771244228,1.4405938386917114,-0.006452334245660054,0.0021150669802076404,0.00014063656161333746,0.0002081190512618773,0.0028281468356487205,83.33000183105469,100.0,0.08900000154972076,63.0,35.23980712890625,88.31059833191084
1758758976.4980512,0,0,0,-23.87117018046107,55.22033733194547,-265.0638039024135,1.4521437883377075,-0.00188483875398472,0.0008828427604281836,9.970313746878117e-05,9.225117656039449e-05,0.0014919782035581887,83.33000183105469,167.0,0.08900000154972076,30.0,35.11799240112305,89.89270586770603
1758758976.5980585,0,0,0,-23.887183047164385,55.36783780851327,-263.95873390990255,1.4612983465194702,-0.006081573375921597,0.001486697806112565,0.00015827937638624665,6.379215381103573e-05,0.0032368739176142783,83.38999938964844,251.0,0.08900000154972076,80.0,35.15764236450195,91.14997680482706
1758758976.698049,0,0,0,-23.906900716899255,55.51564865198704,-262.7880704330184,1.4684345722198486,-0.003232602359073712,0.0005027214111069717,3.738003471505588e-05,-8.278707161937744e-05,0.0016560903990030542,83.66000366210938,148.0,0.08900000154972076,44.0,35.13101577758789,91.76195846647158
1758758976.7980485,0,0,0,-23.930633774859498,55.66331308792917,-261.5901365192375,1.4737284183502197,-0.004137617626835919,0.00040960216227865537,2.763954688350915e-05,-0.00019082792536349066,0.0034259988787554967,83.44000244140625,106.0,0.08900000154972076,35.0,34.97707748413086,92.6147499146954
1758758976.8980408,0,0,0,-23.957212885272895,55.81090575663498,-260.33541530342546,1.477537989616394,-0.0019481729396609076,0.00024997794528838844,5.1955350416480304e-05,-6.928221346719983e-05,0.001817823964987009,83.98999786376953,134.0,0.08900000154972076,63.0,35.05851745605469,93.75412556246802
1758758976.9980257,0,0,0,-23.98622703900736,55.95842164051594,-259.0052467578707,1.477970838546753,-0.003643660211544401,-0.00038578049407849346,6.478966645992447e-05,1.5450992658624386e-05,0.0019102801613373691,83.70999908447266,100.0,0.08900000154972076,29.0,35.03610610961914,93.66493032594234
1758758977.09806,0,0,0,-24.01921073251965,56.104950679674715,-257.6155179517246,1.4706450700759888,-0.002832275859413839,-0.0011282222040945146,5.6201196017311946e-05,9.775930954225535e-06,0.0020051820199015256,83.70999908447266,167.0,0.08900000154972076,96.0,35.005611419677734,91.31873262011132
1758758977.1980615,0,0,0,-24.06346995711099,56.28005217351487,-255.8475435272817,1.4542875289916992,-0.006798456112434485,-0.0025117511646510805,5.284561772860331e-05,-0.00012166835050347898,0.004195618638268304,83.70999908447266,134.0,0.08900000154972076,29.0,34.97648239135742,87.18986210282202
1758758977.2980683,0,0,0,-24.095754069770873,56.39499999495838,-254.63688983689372,1.4409700632095337,-0.0036890331581048937,-0.0016642466048944235,2.995566511583196e-05,-9.207589382962807e-05,0.0021122153535497014,83.98999786376953,90.0,0.08900000154972076,30.0,34.849609375,83.68240500846872
1758758977.398064,0,0,0,-24.13937109763804,56.53531571222854,-253.11547305278367,1.4203096628189087,-0.0028305246771966686,-0.001869709670001778,1.580031463426363e-05,-6.353214325217709e-05,0.0021320420563342404,83.98999786376953,100.0,0.08900000154972076,29.0,34.82577133178711,79.32748998358544
1758758977.4980397,0,0,0,-24.18602609055493,56.67223974426184,-251.58701796829126,1.3982858657836914,-0.003179994529119582,-0.0019056771807847597,6.713635044093891e-05,-0.0001327213935745203,0.0021329350485565835,84.04000091552734,138.0,0.08900000154972076,67.0,34.87940216064453,75.25436077951466
1758758977.598033,0,0,0,-24.235474699649245,56.80588950961499,-250.06480380405264,1.3749908208847046,-0.0032935083463681548,-0.001743128815377193,5.5714219449363326e-05,-7.822397931969761e-05,0.0021060596140192013,84.04000091552734,167.0,0.08900000154972076,62.0,34.806148529052734,71.16436175243028
1758758977.6980462,0,0,0,-24.28781411320145,56.93570214261156,-248.57040369061758,1.3536300659179688,-0.0028074043753059186,-0.0020045834841216476,2.4914759758578752e-05,-9.06851260833733e-05,0.0020487347047608317,84.30999755859375,136.0,0.08900000154972076,64.0,34.76688003540039,66.90681314728386
1758758977.7980483,0,0,0,-24.35400296874799,57.08696533271491,-246.82992715163005,1.3212740421295166,-0.0016436270609354608,-0.0023505605233547664,2.4983482672232055e-05,-5.680916540684947e-05,0.0020156844229603068,84.04000091552734,136.0,0.08900000154972076,96.0,34.85077667236328,63.11891161091999
1758758977.8980575,0,0,0,-24.387752077204354,57.16024776844904,-245.9651827861432,1.2909928560256958,-0.002526682358199734,-0.0024909647371819683,1.915205094905967e-05,-4.433485261822931e-05,0.001983895348607626,83.44000244140625,136.0,0.08900000154972076,96.0,34.89537048339844,59.69148574758837
1758758977.998047,0,0,0,-24.468380018941783,57.32585342450197,-243.99816311270365,1.2636387348175049,-0.005419009086811723,-0.0036405947142846952,4.3508796960870755e-05,-5.500623969925942e-05,0.003837920445714042,83.05999755859375,233.0,0.08900000154972076,62.0,34.63037872314453,56.36519126673344
1758758978.0980487,0,0,0,-24.516070291309724,57.41690094464658,-242.91214226810217,1.2512786388397217,-0.0021328069853480225,-0.0009045330172148113,4.381399221649604e-05,-1.85476113406723e-05,0.0018781402220229772,83.05999755859375,100.0,0.08900000154972076,30.0,34.612144470214844,54.88499428461898
1758758978.1980665,0,0,0,-24.58975761151084,57.548039554167055,-241.30500487708986,1.2418627738952637,-0.005677512541518931,-0.00036408028691426353,6.641783436823798e-05,-0.00014022901773155832,0.0037072424470519045,83.05999755859375,100.0,0.08900000154972076,30.0,34.713191986083984,54.23544406070518
1758758978.2980652,0,0,0,-24.641063689447837,57.633969175765884,-240.25349436215197,1.243828296661377,-0.002420453113801495,0.0004203119717140832,5.426915806062378e-05,-6.054861619051234e-05,0.0018158973973803002,81.16999816894531,94.0,0.08900000154972076,30.0,34.40186309814453,53.768566012551176
1758758978.3980584,0,0,0,-24.72152351906201,57.76131782495474,-238.71519958726333,1.2512682676315308,-0.0019509814587214624,0.0004001215565949865,3.0252016115887864e-05,-9.495454430810374e-05,0.0017554405379384865,80.77999877929688,67.0,0.08900000154972076,29.0,34.317264556884766,55.18937661255103
1758758978.498056,0,0,0,-24.77721720001998,57.845412875993084,-237.72628573454995,1.2568578720092773,-0.0019843916166761393,0.00048292476948560303,-8.486918090384337e-06,-7.72851054662756e-05,0.0016893010531797066,81.05000305175781,138.0,0.08900000154972076,66.0,34.36676025390625,56.315046248229464
1758758978.598043,0,0,0,-24.849006421861855,57.94988762240895,-236.53613346064589,1.262312889099121,-0.0014210775094071985,0.00016341009252560356,-2.0121893901808466e-05,-9.53232171808e-06,0.0016352200024769357,81.37000274658203,167.0,0.08900000154972076,96.0,34.318180084228516,57.462197598251315
1758758978.698018,0,0,0,-24.922539387523916,58.0534389949014,-235.3712480458817,1.2616181373596191,-0.0023443273037012735,-0.0005331587024189339,-1.9555206193219642e-05,-4.973087283925932e-05,0.0015918805918377367,81.43000030517578,202.0,0.08900000154972076,98.0,34.236148834228516,58.96535113392761
1758758978.7980464,0,0,0,-24.997966902581176,58.15493199314362,-234.26613920392043,1.2525215148925781,-0.0027476573458304647,-0.0007987504490652096,-2.182655278259971e-05,-8.702623684070241e-05,0.0014491464477526853,81.16999816894531,102.0,0.08900000154972076,31.0,34.115638732910156,60.99331761023045
1758758978.8980308,0,0,0,-25.075668411814238,58.25349815685949,-233.2623129971139,1.2423803806304932,-0.0013175564671095256,-0.0008122118655495086,-1.182682389782151e-05,-0.00010119924909917921,0.0013323720593777218,81.37000274658203,133.0,0.08900000154972076,96.0,34.34064865112305,59.034319266644644
1758758978.9980493,0,0,0,-25.154257821832804,58.349813812200736,-232.33567538987654,1.2302628755569458,-0.0009421625436164974,-0.001366659775660204,-1.456995449430628e-05,-9.909881758752129e-05,0.0012329860560286914,81.30999755859375,175.0,0.08900000154972076,71.0,34.25057601928711,59.761029642704266
1758758979.0980663,0,0,0,-25.23266129390864,58.4446681927562,-231.47893326830365,1.212837815284729,-0.0013732263937837998,-0.0011514513079783685,-2.0985270727045145e-05,-3.526956541383785e-05,0.0011065100751269695,79.94000244140625,137.0,0.08900000154972076,33.0,34.04252243041992,62.47788940358941
1758758979.198057,0,0,0,-25.31046123910296,58.53857116344824,-230.7270748625141,1.1942112445831299,-0.002763792812973092,-0.004563135823492014,-9.301102106388796e-05,-0.00011671570504066408,0.0019444686527198378,79.94000244140625,137.0,0.08900000154972076,33.0,34.164390563964844,60.62894305833452
1758758979.2980525,0,0,0,-25.40318440675671,58.646908511907284,-229.9513166120969,1.1551300287246704,-0.0011780480144039747,-0.002976253709608178,-4.7180764635653865e-05,-7.344450031089217e-05,0.0008282239148126948,78.56999969482422,46.0,0.08900000154972076,8.0,33.84474182128906,64.44231203114182
1758758979.3980253,0,0,0,-25.478895248002615,58.73304787328954,-229.43556576148382,1.1121677160263062,-0.0008931891018419432,-0.003650927812225883,-3.2585653415772695e-05,-0.00010166811628243403,0.0006335967243386279,78.83000183105469,130.0,0.08900000154972076,60.0,33.862640380859375,61.212687811870495
1758758979.4980097,0,0,0,-25.537737219628006,58.79887078334193,-229.11428702273116,1.0704216957092285,-0.00012959381764069593,-0.004572702938366547,-4.2000174970896276e-05,-4.563797529856051e-05,0.00048523308810881414,78.9000015258789,103.0,0.08900000154972076,32.0,33.80154800415039,59.77022938191378
1758758979.5980551,0,0,0,-25.607946055571183,58.87713929408696,-228.80016317805502,1.0081183910369873,-0.0003580887548758954,-0.005789474401759261,-6.553235839773098e-05,4.336164181629516e-06,0.0003683781388387846,78.9000015258789,114.0,0.08900000154972076,68.0,33.77567672729492,56.71653534007492
1758758979.6980557,0,0,0,-25.67362893510227,58.950336942614676,-228.5609960798878,0.9341102838516235,-0.0005654129219561585,-0.005972707933018321,-5.0947640749664676e-05,6.909349176645024e-05,0.0002916358170913912,79.41000366210938,168.0,0.08900000154972076,63.0,33.689449310302734,53.11240169489041
1758758979.7980502,0,0,0,-25.734661352274657,59.01729021356224,-228.36366957187278,0.8553059101104736,-0.0011165023561671861,-0.013773670815887377,-8.459906737119825e-05,3.480256448592325e-05,0.0005120299591995418,79.22000122070312,128.0,0.08900000154972076,68.0,33.6361198425293,49.394062633918445
1758758979.8980124,0,0,0,-25.790376760541232,59.07778353786655,-228.19252423941134,0.7667011022567749,-0.0005546171650167801,-0.0073442338801215255,-3.481520612558186e-05,-3.2069355163518015e-05,0.00020877889799855463,79.22000122070312,128.0,0.08900000154972076,68.0,33.7385368347168,43.840207642761754
1758758979.9980512,0,0,0,-25.840404241965622,59.13103903003234,-228.06344433915922,0.6740383505821228,-0.0006452079979956961,-0.01491086362560724,-5.4326610964227596e-05,-2.453145123809945e-05,0.0002645909843115833,79.47000122070312,142.0,0.08900000154972076,71.0,33.51486587524414,42.84196867011458
1758758980.0980537,0,0,0,-25.88414580475056,59.177577208011705,-227.9862296754602,0.5808891654014587,0.00025317403291921087,-0.007369021080481748,-2.587547361732055e-05,-1.3488403663847862e-05,8.10723527065255e-05,79.61000061035156,241.0,0.08900000154972076,70.0,33.43748092651367,39.86605001101847
1758758980.198059,0,0,0,-25.920490145186562,59.21907640030696,-227.93485563249885,0.48888760805130005,-0.0004752403149676375,-0.014861398716350133,-2.70582713331197e-05,5.58121443927845e-05,0.00011652402689323236,80.26000213623047,170.0,0.08900000154972076,32.0,33.287841796875,37.74573400119075
1758758980.2980373,0,0,0,-25.950556867375138,59.25378737905309,-227.9072409740906,0.3966125547885895,-0.0007454433257971938,-0.007235083543521561,-2.385544009149858e-05,1.0443866840112926e-05,8.38371755544136e-06,80.33000183105469,169.0,0.08900000154972076,98.0,33.27000045776367,35.01840273334997
1758758980.3980455,0,0,0,-25.974745859659937,59.28160798614951,-227.90771009321833,0.3054672181606293,-0.00021555960910080683,-0.01465839499156123,-6.714287654626396e-06,5.591886825473335e-05,-7.981006034967085e-06,79.80000305175781,134.0,0.08900000154972076,30.0,33.10881423950195,34.050395927367774
1758758980.4980466,0,0,0,-25.99297060586841,59.302375455088075,-227.90779240686095,0.21615761518478394,-0.0003724985320091249,-0.006923106640198957,1.310252049217615e-06,7.460099337078895e-06,6.957189752941719e-06,80.38999938964844,166.0,0.08900000154972076,62.0,33.08531188964844,31.98164573820275
1758758980.598049,0,0,0,-26.005351749154958,59.316829909866634,-227.9033420788793,0.1317649632692337,-0.00032249385155628174,-0.00657029724648444,-7.133507066295488e-06,1.239293881328115e-05,-4.783517371859321e-07,80.66000366210938,171.0,0.08900000154972076,67.0,32.98847961425781,31.30611305401298
1758758980.6980386,0,0,0,-26.012308174319468,59.32502989313958,-227.90721911619636,0.051388610154390335,0.0002256423334789405,-0.006273625078620807,2.0222702479282074e-06,-7.971484646355534e-06,-3.56438786745973e-06,80.72000122070312,169.0,0.08900000154972076,64.0,32.89670944213867,31.172501931080557
1758758980.7980435,0,0,0,-26.01382564459544,59.32737893220958,-227.90510637750896,-0.026511946693062782,-0.00020403717975387196,-0.004753266449058396,2.3846213202981625e-05,3.089965251196884e-06,1.0417257563349862e-05,80.45999908447266,134.0,0.08900000154972076,29.0,32.742977142333984,33.15968316069
1758758980.898023,0,0,0,-26.01122158124568,59.325559100893365,-227.9036339549629,-0.0527641586959362,-0.00020210663381653254,0.0020487690053353214,7.44766534692773e-05,1.3275450664399034e-05,-5.745286350332103e-06,80.72000122070312,134.0,0.08900000154972076,62.0,32.70112609863281,33.966175876503854
1758758980.9980302,0,0,0,-26.009546149125825,59.32394311152933,-227.9073185611465,-0.01987375132739544,0.00015632663708573771,0.0030478756759029354,5.114315713402133e-05,-9.783358322259762e-06,-5.85334922698512e-07,80.72000122070312,167.0,0.08900000154972076,96.0,32.618865966796875,38.96612569044938
1758758981.0980337,0,0,0,-26.010068551240572,59.32502515338562,-227.90475985854874,0.009235086850821972,-0.0002202810473452948,0.00011735682857075166,-3.151522032916401e-05,-1.598021263335588e-05,4.719378402385385e-06,80.77999877929688,134.0,0.08900000154972076,96.0,32.57583999633789,42.83698855664579
1758758981.198063,0,0,0,-26.010499868808562,59.32689212631869,-227.9060966784458,-0.002731112763285637,0.00011328387637802261,-0.003291396340796789,-5.556556062833187e-05,-4.733617866786181e-06,-9.29191455069881e-06,80.72000122070312,153.0,0.08900000154972076,97.0,32.47621154785156,50.68997355343519
1758758981.2980974,0,0,0,-26.009710852166112,59.3275548284087,-227.90596646555298,-0.019460665062069893,9.736723193127489e-05,-0.00027092606630571813,3.60950894218961e-05,-7.76752179369876e-06,6.962488827411734e-06,80.5199966430664,134.0,0.08900000154972076,30.0,32.39481735229492,61.100299351093
1758758981.3980682,0,0,0,-26.008547015651732,59.327611181031244,-227.9027247643881,-0.013428001664578915,-0.0003454298545033618,0.002512319950511658,2.9424104538495883e-05,4.007285973594724e-06,-4.290932159987306e-06,80.66000366210938,172.0,0.08900000154972076,68.0,32.371097564697266,67.26056317029618
1758758981.4980557,0,0,0,-26.00821937179266,59.32862818875371,-227.9058412104721,-0.001124757924117148,6.567036841612209e-05,0.00012410676649424047,-2.2148890601703105e-05,-1.4992058122665635e-06,4.812318867549458e-06,80.77999877929688,133.0,0.08900000154972076,62.0,32.33063507080078,84.09280570164533
1758758981.5981,0,0,0,-26.008236885839388,59.32970858856638,-227.9048714978415,-0.00655555073171854,-2.2272936744833767e-05,-0.0010745216470177533,-1.5124207856779171e-06,-4.5291006301620115e-08,9.225007301665492e-07,80.77999877929688,48.0,0.08900000154972076,29.0,32.28554153442383,120.02480817328262
1758758981.698083,0,0,0,-26.00748699925725,59.3302655160458,-227.90436699042846,-0.01622583717107773,-7.1250909403589865e-06,-2.752453466303092e-05,1.1608522155330756e-05,2.88774161863544e-06,-2.9438038196017577e-06,80.77999877929688,112.0,0.08900000154972076,96.0,32.2742805480957,131.57201586343177
1758758981.798058,0,0,0,-26.00673072397679,59.33037048349873,-227.9044469218383,-0.010616104118525982,-0.0001555695433869436,0.0007757462769094104,3.4162629066449374e-06,1.5291677919683756e-06,7.582102531479679e-07,81.11000061035156,169.0,0.08900000154972076,64.0,32.25617599487305,197.5211160042876
1758758981.8980453,0,0,0,-26.006477356586938,59.331177009309066,-227.90364866865377,-0.004466330632567406,-6.663926812296709e-05,-0.00011110346145625477,-1.919119781076484e-05,6.168447350348125e-07,-2.6774861450291636e-06,81.11000061035156,167.0,0.08900000154972076,129.0,32.250179290771484,270.4049640541212
1758758981.998045,0,0,0,-26.006412915844358,59.331721239373366,-227.90416256908378,-0.0095510957762599,3.531086262943521e-05,-0.0005894434853809423,1.6317071064592253e-07,-1.6979265791968748e-07,-2.6204874705930925e-07,81.37000274658203,67.0,0.08900000154972076,29.0,32.243125915527344,-3801.301749360288
1758758982.0980484,0,0,0,-26.006137112681568,59.331445738045616,-227.90343812773142,-0.014297460205852985,5.572170127608473e-06,0.00014094671016416025,1.3119020242710742e-05,2.3992455988761987e-06,-2.147095392698601e-07,81.69999694824219,67.0,0.08900000154972076,63.0,32.24455261230469,-1591.0352121345834
1758758982.1981115,0,0,0,-26.00704092938894,59.32912523864057,-227.90291232415439,-0.010378859005868435,-0.00020384503883622208,0.0009914205303558812,-5.11888113108476e-06,-3.0133135540253105e-06,3.996611941302976e-06,81.43000030517578,70.0,0.08900000154972076,32.0,32.245582580566406,2741.9775455121835
1758758982.2981102,0,0,0,-26.00835764132379,59.327087472185,-227.90243289232842,-0.007616674993187189,-7.670955176690788e-05,-0.00027451007314024337,-8.338284881956442e-06,-4.911311744575102e-06,-3.3718764524899535e-06,81.37000274658203,121.0,0.08900000154972076,84.0,32.24378204345703,1855.043679861706
1758758982.3981197,0,0,0,-26.00959623069725,59.32486130270362,-227.9025119879712,-0.012360489927232265,-3.505045275889739e-05,-0.00032807336771580097,4.7774663471398515e-06,-9.526148243699246e-06,7.273721894073483e-07,81.43000030517578,104.0,0.08900000154972076,33.0,32.242610931396484,9801.372089724682
1758758982.498093,0,0,0,-26.010601287650235,59.322327978427104,-227.90236582954736,-0.013636758551001549,5.074991870381524e-05,0.0002695520530693145,1.8984209508706528e-06,2.1712666696577816e-06,2.9615401576909674e-06,81.30999755859375,133.0,0.08900000154972076,96.0,32.24162673950195,7796.324899576597
1758758982.5981007,0,0,0,-26.011710767800444,59.31997181392556,-227.90238508208972,-0.01001251395791769,-0.00012685041851162585,0.0001405152493680999,-4.4437745899476805e-06,-2.836574997002186e-07,2.3761965025556274e-06,80.83999633789062,100.0,0.08900000154972076,29.0,32.2393913269043,2487.6083456452766
1758758982.6980388,0,0,0,-26.01304629908846,59.31768496364836,-227.90212474271578,-0.010565069504082203,-9.098375793923543e-05,-0.000283420224229451,-2.007027677451458e-07,2.6892933771187877e-06,1.954787620286969e-06,81.05000305175781,158.0,0.08900000154972076,87.0,32.2381477355957,2534.598770074665
1758758982.7980475,0,0,0,-26.01430419769149,59.315068024447356,-227.90227934173026,-0.014253106899559498,0.00017034435673578355,-0.00025044052099703235,8.126900790719776e-06,-1.8548902553581955e-06,4.637739374754669e-06,81.43000030517578,100.0,0.08900000154972076,29.0,32.23678970336914,4121.279206214758
1758758982.8980286,0,0,0,-26.01544621322599,59.31235718035984,-227.90104140481418,-0.013237888924777508,-2.6208696014057197e-05,0.00027436111527692314,-7.310627779393791e-08,1.7257722894126948e-06,1.0115285803453765e-06,81.81999969482422,134.0,0.08900000154972076,29.0,32.235042572021484,2676.009997893766
1758758982.998031,0,0,0,-26.01674866768024,59.309835995970616,-227.90089152270247,-0.01022564060986042,-0.00010259849391252055,-4.491672327351692e-05,-4.48284889211501e-06,5.410452752924683e-06,2.0574488987060508e-06,82.08000183105469,134.0,0.08900000154972076,29.0,32.23350524902344,3204.934368030925
1758758983.0980306,0,0,0,-26.017823266608236,59.30695701952015,-227.90122089089618,-0.03140641748905182,-0.00035306663791784287,-0.0047038740097621184,-5.2285073470729803e-05,1.3197963894719308e-05,-2.3180294857434605e-06,81.76000213623047,172.0,0.08900000154972076,34.0,32.232181549072266,1140.2896660775473
1758758983.198055,0,0,0,-26.015471492252964,59.30028612382608,-227.90379770746722,-0.10715657472610474,-0.0002748336022221306,-0.013979832781181565,-0.0001762873276035091,9.611989060171417e-06,-1.2278245443153893e-05,81.81999969482422,134.0,0.08900000154972076,29.0,32.2276725769043,304.3708472768627
1758758983.298044,0,0,0,-26.007537265525997,59.287464624964436,-227.9065049329343,-0.1923041045665741,-0.0001817880798062419,-0.006700971598201884,-3.4198474897340555e-05,-1.833082039886858e-06,2.7007774390252315e-06,81.81999969482422,134.0,0.08900000154972076,63.0,32.21577453613281,165.62823803412223
1758758983.3980534,0,0,0,-25.993941934176622,59.26839266692768,-227.904508483411,-0.2762877345085144,-0.00031794277047391783,-0.006920598701711846,1.087945342858284e-05,-7.537833610036489e-06,-5.622024407055583e-06,81.81999969482422,134.0,0.08900000154972076,129.0,32.195526123046875,115.71575943929557
1758758983.4980175,0,0,0,-25.974667214419526,59.242796278562324,-227.91027608449076,-0.36578360199928284,-0.0003573442831546242,-0.007318316440066874,-3.32599327275351e-06,-2.9607055707692384e-06,-1.0625923962579316e-05,82.02999877929688,100.0,0.08900000154972076,98.0,32.17326354980469,88.31354963926759
1758758983.5980256,0,0,0,-25.94938322145994,59.21036971320463,-227.91684844299067,-0.4572303593158722,-0.00011156951727608238,-0.007254995613210087,1.1859346496746652e-05,-3.4299060059923423e-06,-7.991758518480445e-06,82.30000305175781,134.0,0.08900000154972076,63.0,32.12936782836914,70.12587086052922
1758758983.69803,0,0,0,-25.917971762711176,59.17128860691855,-227.9205148425773,-0.5457909107208252,-0.00018994795616093015,-0.006875361386008619,2.3869355733873478e-05,6.963381194859265e-08,-1.385500868562947e-05,83.01000213623047,137.0,0.08900000154972076,66.0,32.09279251098633,59.124020902848876
1758758983.7980652,0,0,0,-25.880776931237143,59.1257636474256,-227.93041850603254,-0.629787266254425,-0.00020442439670018456,-0.006556961487203158,8.482435658143481e-06,-8.199651124010583e-06,-1.8017449564022094e-05,82.79000091552734,103.0,0.08900000154972076,29.0,32.027679443359375,51.01769437229672
1758758983.8980303,0,0,0,-25.838073067983384,59.07417705644394,-227.93985501271942,-0.7107533812522888,-0.00019205450509549873,-0.006146176821138589,1.9290293370332117e-05,-1.0789004521224843e-05,-1.1529821396169927e-05,83.05999755859375,123.0,0.08900000154972076,63.0,31.964214324951172,45.02959034046349
1758758983.9980583,0,0,0,-25.79015049378837,59.01664647488284,-227.9490427260218,-0.7869319319725037,-0.000442641855210655,-0.005586505507276486,1.257713117871717e-05,2.8045974481837853e-06,-1.624699648189218e-05,83.33000183105469,162.0,0.08900000154972076,57.0,31.89287757873535,40.71493553200577
1758758984.0980306,0,0,0,-25.736861568280663,58.95548020115512,-227.96603889132757,-0.8675138354301453,6.340825162928798e-05,-0.005134165456071369,2.896666911700784e-05,7.251315601934852e-06,-2.552040779945186e-05,83.38999938964844,135.0,0.08900000154972076,30.0,31.814027786254883,36.69192184128257
1758758984.1980627,0,0,0,-25.677496540553637,58.89486236262908,-227.97852973770557,-0.9124146699905396,0.0005054848106308758,-0.008904396961557768,7.621144733754412e-05,1.9830415506470886e-05,-1.6348469461215575e-05,83.33000183105469,133.0,0.08900000154972076,29.0,31.73247718811035,34.89283024740191
1758758984.2980738,0,0,0,-25.61426161635761,58.8303924245269,-227.98263324690157,-0.9624782204627991,-0.00032550758452593465,-0.0034153236655319157,3.830342039594853e-05,7.0379047537698595e-06,-1.3551637223959112e-05,83.38999938964844,154.0,0.08900000154972076,50.0,31.64632797241211,33.012669645350336
1758758984.398069,0,0,0,-25.548118493269232,58.76285504828027,-227.9945458061286,-1.0012568235397339,-0.0003180592233909454,-0.0026388690953160453,4.469656065116968e-05,-3.021174882859162e-06,-2.996287730316584e-05,82.8499984741211,167.0,0.08900000154972076,29.0,31.554969787597656,31.576132570538405
1758758984.4980412,0,0,0,-25.480125335266482,58.691898291332194,-228.01658826433015,-1.031768560409546,0.00012934418371964257,-0.002117910607279423,3.290535961775343e-05,-3.1461236936179424e-06,-2.908274191101529e-05,83.05999755859375,157.0,0.08900000154972076,62.0,31.460147857666016,30.56972813635187
1758758984.5980895,0,0,0,-25.410062187156157,58.6195479659682,-228.03171305192762,-1.0541380643844604,0.00023107842050129352,-0.0015724261792625029,9.06909306058399e-06,2.9278801307854906e-06,-1.449493697426511e-05,82.73999786376953,138.0,0.08900000154972076,34.0,31.361886978149414,29.84860443749201
1758758984.698061,0,0,0,-25.338365635068087,58.5459936434335,-228.0411876019607,-1.0710781812667847,-0.0003962439998779757,-0.0013348092392084778,2.3208285851365072e-05,2.3460479218402847e-05,-1.2943400673029888e-05,82.79000091552734,134.0,0.08900000154972076,30.0,31.261629104614258,29.249917363413257
1758758984.7980554,0,0,0,-25.265869339743553,58.47045252081777,-228.0563896957254,-1.0875575542449951,-0.00015017092568640408,-0.0014846629642629528,8.0145559573955e-06,-1.7551822703155443e-05,-3.0528687083937844e-05,82.79000091552734,134.0,0.08900000154972076,63.0,31.15999984741211,28.745706804745122
1758758984.8980398,0,0,0,-25.19217564947256,58.3939561933771,-228.07336636119902,-1.1058281660079956,6.7965909863802e-05,-0.0014260472966657757,1.5090899177757989e-05,3.0772925626443575e-06,-1.0899007980397523e-05,82.79000091552734,100.0,0.08900000154972076,29.0,31.056625366210938,28.204778659177645
1758758984.9980502,0,0,0,-25.117244442237173,58.31565292503604,-228.07974639697386,-1.1245946884155273,-3.175818534604803e-05,-0.0012749880859326415,9.074917101883193e-06,-8.395326491399382e-06,-1.6374835335641935e-05,82.08000183105469,137.0,0.08900000154972076,65.0,30.972150802612305,27.596236173262785
1758758985.0980635,0,0,0,-25.056458613831968,58.25210591402804,-228.09089166693298,-1.1425122022628784,9.696072715722657e-05,-0.0016034876408894103,3.186576166507718e-05,3.620395218619214e-05,-2.5071325584069756e-05,82.68000030517578,134.0,0.08799999952316284,62.0,30.843706130981445,27.13395714932041
1758758985.19807,0,0,0,-24.964530972221112,58.152510713854234,-228.11631754962826,-1.1631402969360352,0.00014556792727946685,-0.0037408834518930815,2.4370482258368458e-05,4.9113988883532286e-05,-4.847875812587895e-05,83.01000213623047,104.0,0.08799999952316284,66.0,30.73366355895996,26.49128240538239
1758758985.2980614,0,0,0,-24.886155564613222,58.06820215703313,-228.12769112853852,-1.1846414804458618,0.00014769194191358416,-0.0018408866349529096,2.6376306512361983e-05,-9.496421398468985e-06,-1.6567430166449217e-05,83.01000213623047,165.0,0.08799999952316284,94.0,30.643827438354492,25.986798816816506
1758758985.3980408,0,0,0,-24.806389448731636,57.982039637709384,-228.1389930734419,-1.2043920755386353,-0.00024507640233131095,-0.0015436871403948797,6.690106927140423e-06,1.254553637627205e-05,-2.2957094374329153e-05,82.79000091552734,67.0,0.08799999952316284,29.0,30.529865264892578,25.426583606166105
1758758985.4980142,0,0,0,-24.725443011633825,57.89464609896421,-228.15531146412133,-1.2219440937042236,5.955893162848665e-05,-0.0012337937635736075,2.541848453836282e-07,-1.3956167580526748e-05,-2.6817184710428807e-05,83.05999755859375,100.0,0.08799999952316284,96.0,30.390172958374023,24.871538167624273
1758758985.5980587,0,0,0,-24.643469348551882,57.80568176197929,-228.17064514495928,-1.2382692098617554,9.367349433253016e-05,-0.001360606804580537,6.431342544884622e-06,-1.0975417180486607e-05,-1.202483980291469e-05,83.05999755859375,133.0,0.08799999952316284,29.0,30.27188491821289,24.62726307929281
1758758985.6980522,0,0,0,-24.56023103685988,57.71575154284899,-228.17976145729506,-1.2553945779800415,-0.0001489989585238135,-0.001249056357982521,2.612375850083954e-05,9.37966880315513e-06,-2.5427783396999397e-05,82.79000091552734,69.0,0.08799999952316284,31.0,30.152206420898438,24.151209417813636
1758758985.7980611,0,0,0,-24.47606327605611,57.624144330650154,-228.19938531817883,-1.2720942497253418,0.000534211571727318,-0.0008868991152466964,1.6187363383284035e-06,4.854072589902882e-05,-2.4518181407888665e-05,82.79000091552734,120.0,0.08799999952316284,96.0,30.030654907226562,23.698911490743367
1758758985.8980503,0,0,0,-24.39064145595842,57.53177238847943,-228.21537321811508,-1.285967469215393,8.02618765264316e-05,-0.0010573957718267367,-1.2805834920690818e-06,2.3966704733452547e-05,-1.1800991295516258e-05,83.05999755859375,134.0,0.08799999952316284,62.0,29.907506942749023,23.369608604461018
1758758985.998022,0,0,0,-24.304274200555387,57.43818942851606,-228.22006683230228,-1.3016146421432495,-0.0006381265245476865,-0.0011138786030921782,-5.011412295501209e-06,-5.782582229149399e-06,-2.5605585608979626e-05,82.79000091552734,134.0,0.08799999952316284,62.0,29.782991409301758,23.0009751773883
1758758986.0980263,0,0,0,-24.200013564191377,57.32429494007445,-228.24516080607634,-1.3138396739959717,-0.00030899131839175713,-0.001270158192824786,-4.8583354880509716e-05,-1.903405601788061e-05,-4.046764156437209e-05,83.22000122070312,168.0,0.08799999952316284,98.0,29.65726089477539,22.71416803922261
1758758986.1980667,0,0,0,-24.129932979736342,57.247453470331244,-228.26016230700463,-1.324731469154358,0.0013227017700380784,-0.0021272050863707895,-6.159977024501831e-05,-1.0791767303650775e-05,-3.837627824577447e-05,83.05999755859375,134.0,0.08799999952316284,30.0,29.530132293701172,22.360631263661986
1758758986.2980764,0,0,0,-24.041149971162113,57.15102638860567,-228.27070099931439,-1.3375946283340454,-0.00014709391371271855,-0.0008059357123926594,-1.2848415641928052e-05,5.903732842485279e-06,-1.2221510415177635e-05,82.79000091552734,167.0,0.08799999952316284,30.0,29.40170669555664,22.101893289848313
1758758986.398087,0,0,0,-23.933894960942087,57.0337611630082,-228.2902413995302,-1.3488668203353882,-0.0002409708807061278,-0.0006133104446639444,-2.5212856028368824e-05,-1.3027560347737192e-05,-3.414382531131281e-05,82.41000366210938,167.0,0.08799999952316284,96.0,29.27203941345215,21.843138728961094
1758758986.4980497,0,0,0,-23.86215023466311,56.9547503106017,-228.30674177254872,-1.3564940690994263,0.00021517493930111242,-0.0008832564912975457,-4.133746285230875e-05,-6.3647736987552244e-06,-1.893995282618247e-05,82.68000030517578,134.0,0.08799999952316284,62.0,29.1411075592041,21.557815690814802
1758758986.5980568,0,0,0,-23.77171319899917,56.8552273683942,-228.31592521027414,-1.3678096532821655,-0.0007356417588560756,-0.0019008006561290916,-7.014798686710223e-05,-7.388387505099519e-05,-2.6467378903250114e-05,82.47000122070312,100.0,0.08799999952316284,29.0,29.009376525878906,21.26638946971554
1758758986.698045,0,0,0,-23.680614070798956,56.75498921723353,-228.33323762900466,-1.377774953842163,-2.0845827752146375e-05,-0.0009231778048380566,-3.335166989978181e-05,1.0917234314711221e-05,-4.098318817600929e-05,82.68000030517578,89.0,0.08799999952316284,46.0,28.876646041870117,21.101973564388903
1758758986.7980392,0,0,0,-23.588915918181254,56.653666139484585,-228.3609844520563,-1.388445258140564,0.0004046672786581613,-0.001896275159564143,-4.709432988809081e-05,2.5316728749371947e-05,-6.10556531602271e-05,82.13999938964844,134.0,0.08799999952316284,29.0,28.74267578125,20.80332968264786
1758758986.8980365,0,0,0,-23.4960384016945,56.55195483231039,-228.3744355027702,-1.4001957178115845,-0.00019520822905945895,-0.0010493872300565911,-3.304369192838643e-05,3.6789919932174216e-05,-1.6641315950580086e-05,82.3499984741211,169.0,0.08799999952316284,64.0,28.60773277282715,20.495663073146428
1758758986.9980292,0,0,0,-23.402583283433696,56.44914481913005,-228.38627745352767,-1.4100680351257324,-0.0003267043454856731,-0.0009270858441192556,-5.0419644755581444e-05,-1.1462817893282152e-05,-3.292712239482425e-05,82.41000366210938,117.0,0.08799999952316284,97.0,28.47166633605957,20.326926381138033
1758758987.0980427,0,0,0,-23.308877268661377,56.345512452113525,-228.40970334824243,-1.4184629917144775,0.0001456388359972157,-0.0006750386896309229,-2.7164002130664768e-05,3.638479634198531e-05,-3.1306350424661654e-05,82.41000366210938,134.0,0.08799999952316284,96.0,28.33452796936035,20.10336760567543
1758758987.1980402,0,0,0,-23.21519023561043,56.2414567066591,-228.42931125971955,-1.4263170957565308,0.0008488987963714178,-0.001318726148378669,-5.58963756095e-05,5.947671744658371e-05,-5.5959299028979134e-05,82.68000030517578,104.0,0.08799999952316284,96.0,28.224733352661133,19.908650330434803
1758758987.2980518,0,0,0,-23.12072723850262,56.13676361549497,-228.4455608369404,-1.434429407119751,-0.0005689304428469699,-0.000508024292142381,-3.824502570482518e-05,-1.6797978496054512e-05,-2.366316556509272e-05,82.94999694824219,134.0,0.08799999952316284,96.0,28.05893898010254,19.674152499655566
1758758987.3980436,0,0,0,-23.025992697375656,56.03145393281742,-228.4635576995001,-1.4423803091049194,-0.0003948533758705649,-0.0010430410128225516,-3.613871156363885e-05,7.647044025563238e-06,-2.8703572191225732e-05,82.73999786376953,100.0,0.08799999952316284,29.0,27.920063018798828,19.450082229575187
1758758987.498015,0,0,0,-22.930898894057535,55.924950777756365,-228.4850956045072,-1.4520683288574219,-2.483537489592351e-05,-0.000703634337452116,-6.348631858019706e-05,8.70814850209191e-07,-2.585411094922729e-05,82.62000274658203,71.0,0.08799999952316284,68.0,27.7801513671875,19.23463444511377
1758758987.5980651,0,0,0,-22.83520559174456,55.818010598357695,-228.50659635404492,-1.4596078395843506,0.0002130854037606024,-0.0006899449843219838,-0.00010210298473900172,2.01328759862676e-05,-3.2380251553112825e-05,82.68000030517578,134.0,0.08799999952316284,62.0,27.639219284057617,19.028417012096867
1758758987.6980295,0,0,0,-22.738736491451345,55.710478572406444,-228.5261190024915,-1.4666836261749268,0.00016080589788004603,-0.00058750072744282,-3.6209436681093675e-05,1.647900944518567e-05,-1.5706730707025278e-05,82.73999786376953,67.0,0.08799999952316284,96.0,27.497711181640625,18.814967118000215
1758758987.7980387,0,0,0,-22.641590948408407,55.60278102567189,-228.53703903325254,-1.4734463691711426,-0.0008484259838851661,-0.0005824070270776997,-3.005221361299426e-05,2.9460145892955705e-05,-2.6607632289016075e-05,82.41000366210938,100.0,0.08799999952316284,29.0,27.383935928344727,18.69538074917649
1758758987.8980718,0,0,0,-22.544430551489096,55.494172572696996,-228.56063646240437,-1.4798671007156372,2.4219069002158608e-05,-0.0006507426002300839,-4.4796855397923625e-05,3.230362737050671e-06,-3.557843394522989e-05,82.41000366210938,134.0,0.08799999952316284,96.0,27.241012573242188,18.466278756652102
1758758987.9980772,0,0,0,-22.446894554170377,55.38472873843087,-228.58044472784422,-1.48648202419281,-0.00024237129069730196,-0.00035306990677907817,-1.7110695518130113e-05,2.026519476474864e-05,-2.4417865992254276e-05,82.47000122070312,134.0,0.08799999952316284,29.0,27.06869125366211,18.309079561415313
1758758988.0980573,0,0,0,-22.348770829746826,55.27496196643905,-228.59496962871987,-1.491789698600769,-0.00037922383760690553,-0.0004252021353104389,-1.1279641450013589e-05,-6.212059430881868e-06,-2.832002839176755e-05,83.22000122070312,153.0,0.08799999952316284,82.0,26.924209594726562,18.149143137438543
1758758988.198048,0,0,0,-22.249813935719615,55.16493714756055,-228.618511863366,-1.4990570545196533,9.09423458978241e-05,-0.0007834066854122059,-1.7353697868306882e-05,2.2420686641024365e-05,-7.220794371777425e-05,83.05999755859375,73.0,0.08799999952316284,96.0,26.779254913330078,17.95427465494081
1758758988.2980628,0,0,0,-22.150489293038166,55.05440093345653,-228.63984012068482,-1.5054025650024414,0.0003105272558377212,-0.0006956426411414229,-1.0486021574954965e-05,2.535806924957134e-06,-2.8480565873697254e-05,84.72000122070312,134.0,0.08799999952316284,96.0,26.6322021484375,17.774759605795406
1758758988.3980758,0,0,0,-22.050589793522107,54.94325815126045,-228.65772029552852,-1.511766791343689,-0.0004754669405598145,-0.0004630645688648321,-3.379094697437945e-06,-2.9190012770783468e-05,-2.6015117338809473e-05,84.87000274658203,167.0,0.08799999952316284,62.0,26.484542846679688,17.57623174772184
1758758988.4980552,0,0,0,-21.950307871295596,54.831710629056936,-228.67528182652,-1.5181658267974854,-0.00020269358242668318,-0.0003894355332689989,2.5774074423514837e-05,-4.517543906698657e-06,-2.9118056515706894e-05,84.97000122070312,173.0,0.08799999952316284,69.0,26.336288452148438,17.387328405219986
1758758988.5980878,0,0,0,-21.849902725876287,54.71934290564302,-228.6961208472888,-1.5228500366210938,0.00013250910760809624,-0.0005602699250889779,2.3877174558462962e-05,-1.4128632617659938e-05,-3.3214819889807194e-05,84.73999786376953,134.0,0.08799999952316284,62.0,26.187314987182617,17.257868154892083
1758758988.6980207,0,0,0,-21.749001967724265,54.60675062000785,-228.71590889095012,-1.528833031654358,-0.00020307133955057758,-0.0004435512495446864,-1.9177448157175476e-05,-1.2728161247333906e-05,-2.9381024785410658e-05,84.69000244140625,167.0,0.08799999952316284,62.0,26.067346572875977,17.09305757736279
1758758988.7980626,0,0,0,-21.64776358921644,54.49359990225218,-228.7326080036529,-1.5348255634307861,-2.6875629772195808e-05,-0.0006278462448666028,2.1562019452600627e-05,-2.0121851390290868e-05,-2.3003721066557544e-05,84.36000061035156,85.0,0.08799999952316284,100.0,25.88787269592285,16.92360224537911
1758758988.8980181,0,0,0,-21.54614107114364,54.38001718330348,-228.75029139726394,-1.5413284301757812,-0.0002820468244777954,-0.0007764465672759807,3.4022525778214356e-05,-3.2193467497717264e-05,-2.993085364872451e-05,84.13999938964844,134.0,0.08799999952316284,29.0,25.736572265625,16.706229956182817
1758758988.9980652,0,0,0,-21.444304584851277,54.265470460735614,-228.77340705836298,-1.547498106956482,0.0003250182731911211,-0.0004244757580190671,2.7017699938642357e-05,-1.5960336143645006e-05,-2.7097535918587253e-05,84.08999633789062,84.0,0.08799999952316284,13.0,25.585281372070312,16.579343380882573
1758758989.0980682,0,0,0,-21.34212089463638,54.15039560459161,-228.79276359274724,-1.5526708364486694,-0.0001768928696599051,-0.0003494376160218055,3.678134992352494e-05,-3.343349566477557e-05,-2.8013620595595327e-05,84.63999938964844,144.0,0.08799999952316284,73.0,25.46413803100586,16.44198258957713
1758758989.1980448,0,0,0,-21.239980016582205,54.03379708574035,-228.8134411447224,-1.5588825941085815,3.790427718020344e-05,-0.000979898475094997,0.00012005708783768261,4.739112650859433e-05,-7.136852822290637e-05,85.9000015258789,100.0,0.08799999952316284,62.0,25.311450958251953,16.230727708229377
1758758989.298061,0,0,0,-21.137359018587762,53.91670508382921,-228.8343721426006,-1.5658719539642334,5.178980609346971e-05,-0.0004654905649884766,5.276629750344262e-05,-2.9290798377740325e-05,-1.9637713321809754e-05,87.12999725341797,167.0,0.08799999952316284,29.0,25.12833023071289,16.085278406192376
1758758989.3980696,0,0,0,-21.03414441946393,53.79911564349134,-228.8475491353122,-1.5733449459075928,-0.0003429826417310366,-0.0005229672726866283,5.113799831229594e-05,1.8304054057032125e-05,-1.968100689690588e-05,87.16999816894531,103.0,0.08799999952316284,32.0,24.975000381469727,15.892946243576118
1758758989.4980342,0,0,0,-20.93071581023842,53.680825523628876,-228.86494870168514,-1.5796804428100586,-0.000381333491263559,-0.0004241288970475022,4.043491040586861e-05,-1.217612884275952e-05,-2.760848942981252e-05,86.93000030517578,189.0,0.08799999952316284,85.0,24.820947647094727,15.711656198894836
1758758989.5980515,0,0,0,-20.827100581186016,53.56183252111332,-228.88841934428473,-1.5858266353607178,0.0008586668359114331,-0.001006308992291655,0.00016807740762650464,6.751169411920132e-05,-5.7196403843583566e-05,87.25,137.0,0.08799999952316284,96.0,24.666263580322266,15.585477665102777
1758758989.69803,0,0,0,-20.72277975512372,53.44268518614798,-228.90584986122155,-1.5916095972061157,0.0001737827033254356,-0.00046876758782623146,4.340217704296803e-05,2.3176464070226708e-05,-2.2554592092870773e-05,86.97000122070312,100.0,0.08799999952316284,62.0,24.5111026763916,15.401128243639798
1758758989.7980514,0,0,0,-20.617886096127652,53.32319600586437,-228.92100498720094,-1.597589373588562,-0.00025466604232197727,-0.0005133464141120206,6.260179842750513e-05,6.998100808762593e-05,-3.101053564144175e-05,86.93000030517578,131.0,0.08799999952316284,59.0,24.35544776916504,15.259713139767914
1758758989.8980534,0,0,0,-20.512937055547358,53.202912621971606,-228.9447080629833,-1.6040990352630615,-0.0004571771030828198,-0.0005496616683330668,6.0685572872852765e-05,1.6385341781354157e-05,-2.6700972203593748e-05,86.69000244140625,134.0,0.08799999952316284,29.0,24.19913673400879,15.092382232023674
1758758989.9980357,0,0,0,-20.407701410978294,53.08200047700506,-228.95776526201803,-1.6105676889419556,-0.0005882450119438093,-0.000896050833537796,5.818160414184185e-05,-5.31908026058076e-05,-3.391753999988386e-05,88.12000274658203,100.0,0.08799999952316284,29.0,24.042253494262695,14.938067221903118
1758758990.098045,0,0,0,-20.302173546778857,52.96092092455666,-228.9715162967089,-1.6167330741882324,-0.0001878804503424984,-0.0003281432222531379,2.000456870888281e-05,-1.757965766808902e-05,-2.10624449080667e-05,88.23999786376953,136.0,0.08799999952316284,31.0,23.88465690612793,14.804393873984653
1758758990.1980662,0,0,0,-20.19655804006285,52.840913989886076,-228.99094203049043,-1.62093186378479,3.972354957788342e-05,-0.001026387191294332,5.558651299419865e-05,3.394068595024988e-05,-6.717908291226184e-05,87.94999694824219,158.0,0.08699999749660492,54.0,23.72789192199707,14.655758165723277
1758758990.2980266,0,0,0,-20.090463271329092,52.72070342902666,-229.0064439869563,-1.6251291036605835,-0.00010199078704133231,-0.0001124913761946592,8.343480404089105e-06,-6.754004333944096e-06,-1.6551828464455588e-05,88.2699966430664,134.0,0.08699999749660492,62.0,23.570907592773438,14.50010173319234
1758758990.3980675,0,0,0,-19.984096212978557,52.600127728074874,-229.01625273081783,-1.627579689025879,-0.0006157187554086168,-0.00014325201996720792,1.4841850628048641e-05,1.802020085577929e-05,-2.4082860762357825e-05,88.55999755859375,104.0,0.08699999749660492,33.0,23.413354873657227,14.400067453877446
1758758990.4980218,0,0,0,-19.877884057260005,52.479052128076326,-229.03996944355976,-1.6280676126480103,0.00029058046935044406,0.0001518126013641439,4.840198636915338e-06,1.2899077362719847e-05,-3.163249765537492e-05,88.66999816894531,104.0,0.08699999749660492,29.0,23.2557315826416,14.289782066978722
1758758990.5980277,0,0,0,-19.771647610351373,52.35829226127301,-229.06399058497328,-1.6257981061935425,-4.5770666273747495e-05,0.0009350677651358189,1.610342007729294e-05,-2.5920072502810588e-05,-8.670332003081451e-05,88.63999938964844,118.0,0.08699999749660492,47.0,23.129426956176758,14.251786349862318
1758758990.6980705,0,0,0,-19.665618655663906,52.23767701860746,-229.11133979325973,-1.6200511455535889,-7.41224379414592e-05,0.00032942913733475273,-2.815903476040986e-06,-5.669257887927151e-06,-0.00011289669358730732,88.63999938964844,134.0,0.08699999749660492,29.0,22.94068717956543,14.188849700081898
1758758990.7980294,0,0,0,-19.560336719493325,52.11730822523553,-229.21579301857298,-1.6147242784500122,-3.847086454261114e-06,0.00044940241283755766,-1.8708795077502267e-05,-2.4408107034077437e-05,-0.000185898425195345,88.5999984741211,95.0,0.08699999749660492,63.0,22.81513786315918,14.134829607532652
1758758990.8979778,0,0,0,-19.455420450417108,51.99730372052336,-229.3587670714523,-1.609351634979248,7.414540137098651e-05,0.0004784265173616122,1.3548434309848862e-05,-9.258315378151754e-06,-0.0002226667721115399,88.55999755859375,134.0,0.08699999749660492,63.0,22.658536911010742,14.098612624331027
1758758990.998031,0,0,0,-19.350935029764308,51.87748629331183,-229.53840490277366,-1.6025896072387695,-0.0011208511976902595,0.001122108071722438,4.036567097169576e-05,3.239057632538298e-05,-0.0005922852420012466,88.88999938964844,136.0,0.08699999749660492,96.0,22.471485137939453,14.021542734236917
1758758991.0980542,0,0,0,-19.247247126793507,51.7578366410445,-229.77127348202578,-1.5955665111541748,-0.000207232077162964,0.0005385361953034115,-2.3789666533728085e-05,3.202630030758815e-05,-0.0003701129598819454,88.5999984741211,134.0,0.08699999749660492,29.0,22.31609535217285,13.970176926956164
1758758991.1980731,0,0,0,-19.1438719292376,51.63851597981773,-230.047634446468,-1.5902231931686401,-7.395888458906278e-05,0.00043340017817603156,-2.6599283657091794e-05,8.328574679356196e-06,-0.0003934561105664481,88.5999984741211,166.0,0.08699999749660492,62.0,22.161251068115234,13.930709177149499
1758758991.2980783,0,0,0,-19.040926326170386,51.51952475664398,-230.3231209907454,-1.5853170156478882,-0.001247093871302386,0.0005339956737993636,-4.773588782588745e-05,1.3003610577512428e-05,-0.00036573688108145137,88.88999938964844,198.0,0.08699999749660492,94.0,22.03775405883789,13.911267703114808
1758758991.3980403,0,0,0,-18.939140078487924,51.40022895293259,-230.5734427967875,-1.5781173706054688,-0.0004391830174538029,0.0006994981091998631,2.807731217486937e-06,0.00012111573940538252,-0.000299250961847755,88.63999938964844,82.0,0.08699999749660492,96.0,21.853002548217773,13.813280643981107
1758758991.4980564,0,0,0,-18.838440701442796,51.28114554530475,-230.7659922659618,-1.569397211074829,-0.001077185856308567,0.0009985897723237473,-1.797586662062775e-05,-5.176866715503584e-07,-0.00021320699823535382,88.93000030517578,134.0,0.08699999749660492,29.0,21.699567794799805,13.824072952344595
1758758991.5980518,0,0,0,-18.73925828857498,51.162091380510894,-230.90011754404037,-1.5549511909484863,-0.0013820756258897445,0.002575360878422567,-8.261079272640508e-05,-4.0870429861985166e-05,-0.0002985626471540264,88.93000030517578,100.0,0.08699999749660492,30.0,21.577590942382812,13.864572275102914
1758758991.698061,0,0,0,-18.641793877166673,51.04353414882596,-230.9843962391688,-1.540493369102478,0.0006619202709535255,0.0009245176049755611,-7.612716821372908e-06,-2.6493136077941574e-05,-5.487775452222574e-05,88.88999938964844,100.0,0.08699999749660492,29.0,21.395687103271484,13.86337073238504
1758758991.798053,0,0,0,-18.545000746629853,50.92628498412215,-230.99319489312967,-1.5258102416992188,-8.436807935436772e-06,0.002366732174072998,3.809027337063015e-05,9.23821940369335e-06,0.00010533119476439761,89.22000122070312,134.0,0.08699999749660492,96.0,21.24567985534668,13.914985777588972
1758758991.8980455,0,0,0,-18.449259476260092,50.81017036969915,-230.93851189489044,-1.5074347257614136,-0.00024395190147740635,0.0015848339230185278,-1.0623561086376235e-05,6.6229008520686925e-06,0.0001126313617330416,88.93000030517578,100.0,0.08699999749660492,29.0,21.09724235534668,13.976702037326726
1758758991.9980268,0,0,0,-18.354998765379996,50.695606121407145,-230.83949698069978,-1.4865553379058838,-0.0001787190122782351,0.0017040875907899564,-3.7225434661522985e-05,-1.956386037514078e-05,0.00017683609295007153,88.95999908447266,100.0,0.08699999749660492,29.0,20.95056915283203,14.080059133751117
1758758992.0980277,0,0,0,-18.262112004458707,50.5826006061657,-230.6970417010266,-1.4645334482192993,0.0006245613683532139,0.0017701024343817558,-3.6133154167914098e-06,-2.5293148714976138e-05,0.00023613136878462571,88.66999816894531,166.0,0.08699999749660492,61.0,20.806058883666992,14.212609623651268
1758758992.1980662,0,0,0,-18.170439474037973,50.47158985388064,-230.5179331361423,-1.4430060386657715,0.0007117454162184105,0.003723753646896812,4.3979827919149437e-05,1.5160678879890452e-05,0.0005662149980946419,88.93000030517578,105.0,0.08699999749660492,96.0,20.663972854614258,14.331940570801862
1758758992.2980225,0,0,0,-18.079904101905765,50.36263504934415,-230.30821824768776,-1.418837308883667,0.000293430839223462,0.0019107520164062205,-1.811094954166009e-05,4.712193498827981e-06,0.0003048730395257362,89.54000091552734,134.0,0.08699999749660492,62.0,20.52436065673828,14.432086779672238
1758758992.39806,0,0,0,-17.990697042569735,50.25555282236101,-230.08029782729795,-1.3955179452896118,0.00014161823122718127,0.0019871095876804303,-3.829217307301594e-05,-1.8516999670956325e-05,0.0003248707380279734,89.29000091552734,134.0,0.08699999749660492,29.0,20.38709259033203,14.59959878083318
1758758992.4980423,0,0,0,-17.90283061214734,50.15039612250744,-229.85440626045835,-1.3705925941467285,0.0006997835822844874,0.0018360924754453798,1.2499901669359789e-05,-3.409980337281492e-05,0.0002898379703839801,89.25,112.0,0.08699999749660492,96.0,20.279056549072266,14.79968670817979
1758758992.598043,0,0,0,-17.81607187759304,50.047523645746985,-229.66042806211811,-1.347110390663147,0.0008334328141381326,0.0016983906001696667,5.62072232530175e-06,-4.646976218483386e-06,0.00024021539911725008,89.51000213623047,138.0,0.08699999749660492,67.0,20.119844436645508,14.913859606140747
1758758992.6980238,0,0,0,-17.730231128143583,49.946982148934275,-229.49830406653513,-1.3216326236724854,0.0007470789055512466,0.0022542348300563187,2.3235048281504175e-05,2.7751570077742664e-05,0.0002083950463238226,89.29000091552734,138.0,0.08699999749660492,33.0,19.990129470825195,15.124138067223313
1758758992.7980297,0,0,0,-17.645761777977803,49.849086016086524,-229.3609625890951,-1.290553092956543,-0.0005283445535280414,0.005355795673873684,2.7100860867297117e-05,-4.5295975106526055e-05,0.0003350656182475602,90.16000366210938,173.0,0.08699999749660492,69.0,19.862892150878906,15.389749867128788
1758758992.898055,0,0,0,-17.563518981671645,49.75343261089396,-229.25005514954682,-1.2556535005569458,0.00023070782738133285,0.002573459396175734,2.7124155687570304e-06,-1.174764040318659e-05,0.0001372213530711437,90.2300033569336,200.0,0.08699999749660492,96.0,19.738811492919922,15.713038028839051
1758758992.9980242,0,0,0,-17.483756598496768,49.660337391952204,-229.16420165739885,-1.2214946746826172,0.0018453721144068408,0.0050715340149740116,-2.4635273328309073e-05,1.4196804595851561e-05,0.0002426803543261691,89.94000244140625,134.0,0.08699999749660492,30.0,19.618194580078125,16.085280403786502
1758758993.0980387,0,0,0,-17.390307618362108,49.55260015162058,-229.05349788252147,-1.1826590299606323,0.0005196271080247529,0.0028633939730739904,-1.1988121533886271e-05,-1.2707507137730002e-05,0.0001387906433922962,89.87000274658203,195.0,0.08699999749660492,57.0,19.500930786132812,16.48484228043271
1758758993.1980393,0,0,0,-17.32953516914919,49.48315699038193,-228.97615253785312,-1.1571483612060547,-0.00011179622085803428,0.0016020622174921547,-9.8378729505082e-06,1.4484978553981617e-05,0.00011854161918947706,89.9000015258789,67.0,0.08699999749660492,29.0,19.38727378845215,16.72189465880146
1758758993.2979987,0,0,0,-17.25504634030024,49.39764710599869,-228.89945440615287,-1.1427620649337769,9.969157471067794e-05,0.0004275159293755406,-1.6498985129900768e-05,8.456091412674654e-06,0.0001023021666195521,90.19999694824219,134.0,0.08699999749660492,62.0,19.276304244995117,16.889071289622095
1758758993.3980246,0,0,0,-17.181131085261008,49.31302784483451,-228.82651558715526,-1.1359162330627441,0.0002638325697003059,0.0006607890836555115,2.073279680083285e-05,-1.7666903854423394e-05,9.470383553906864e-05,90.45999908447266,123.0,0.08699999749660492,101.0,19.166763305664062,16.895658101348026
1758758993.498027,0,0,0,-17.107436356036768,49.22902696124826,-228.7641275074867,-1.1282285451889038,0.00013546660488047166,0.0006343254310603106,6.356351969264009e-07,2.324801643348508e-05,6.509665543834432e-05,89.9000015258789,71.0,0.08699999749660492,33.0,19.057985305786133,16.886278916425663
1758758993.598022,0,0,0,-17.034117736748883,49.14588820054223,-228.72879876990504,-1.1205995082855225,0.0004836906055821306,0.0006994709583425149,-3.2476733548854547e-06,5.006601378547363e-05,3.4894729735929264e-05,89.9000015258789,120.0,0.08699999749660492,96.0,18.950082778930664,16.931651581452673
1758758993.698046,0,0,0,-16.96096938366046,49.06352157272315,-228.70545565897714,-1.113944172859192,0.00022763594728892667,0.0007558971174129315,1.9491614379620726e-05,2.8410556381118654e-05,3.8296303694405406e-05,89.63999938964844,67.0,0.08699999749660492,29.0,18.84295654296875,16.904813905738365
1758758993.7980633,0,0,0,-16.88817788839053,48.98168178770004,-228.67985209594707,-1.1026947498321533,-0.0006741245361906649,0.0010535407756109153,3.279884407692507e-05,1.8660134576742573e-05,3.0182158693847786e-05,89.9000015258789,127.0,0.08699999749660492,101.0,18.736616134643555,16.952216926209882
1758758993.8980377,0,0,0,-16.802610051684628,48.88425981498219,-228.6641145420778,-1.0849567651748657,5.330350042383582e-05,0.001111306288502321,1.6797106566369063e-05,4.7712634024458785e-06,7.6082437371135795e-06,89.61000061035156,134.0,0.08699999749660492,30.0,18.63136100769043,17.193437744513545
1758758993.9980547,0,0,0,-16.74639387235082,48.82012588235096,-228.65814875338629,-1.0738428831100464,0.0005954180211274608,0.002168670810768705,-6.756781977221185e-06,-8.355481317733605e-05,3.926667275494363e-05,89.80000305175781,200.0,0.08699999749660492,96.0,18.527305603027344,17.283698634615416
1758758994.0980687,0,0,0,-16.67645549556311,48.74089046126329,-228.64321498608734,-1.0650330781936646,4.216956058873683e-05,0.00023697658136589088,-9.08319403724804e-06,1.928016576777917e-05,1.7057707366067406e-05,89.25,100.0,0.08699999749660492,30.0,18.44490623474121,17.293429815467857
1758758994.1980622,0,0,0,-16.606142768915152,48.6623671499368,-228.63477170317407,-1.0627567768096924,-0.00029728979769020513,7.888558787183383e-05,-7.1866169434111465e-06,1.1016127149376588e-05,6.535679617819376e-06,89.25,61.0,0.08699999749660492,64.0,18.34292984008789,17.271026812592915
1758758994.2980733,0,0,0,-16.535952933367703,48.58382456999864,-228.63136345199246,-1.0633147954940796,-6.197166344620607e-05,0.000111813127252482,2.5603350174260948e-05,-2.7877655957151114e-06,1.2530359838656365e-05,89.25,79.0,0.08699999749660492,73.0,18.220863342285156,17.118775033900906
1758758994.3980517,0,0,0,-16.465875125845034,48.50509249688613,-228.62166411604466,-1.0618219375610352,3.5964139961888023e-06,0.0001812428313061371,-5.102027468729775e-06,-2.4081635051074658e-06,1.4427799699029496e-05,88.88999938964844,167.0,0.08699999749660492,29.0,18.119224548339844,17.011539392616122
1758758994.498019,0,0,0,-16.395973957308232,48.426522535737405,-228.61150475500392,-1.058830976486206,-0.00012061875994310194,0.00022561681608802172,1.4176994476049518e-05,5.068924993416935e-06,8.142414878610591e-06,88.93000030517578,83.0,0.08699999749660492,96.0,18.017822265625,17.030532027266563
1758758994.5980415,0,0,0,-16.326334271881503,48.348141140256025,-228.61043470157728,-1.0566684007644653,0.00023149498835686584,4.5649765061643035e-05,1.5714120099104407e-05,2.6247569290095836e-05,1.2631505563123028e-06,89.18000030517578,114.0,0.08699999749660492,62.0,17.936859130859375,16.991574721510354
1758758994.6980214,0,0,0,-16.256626656787375,48.26989738667523,-228.60618634687336,-1.0567229986190796,6.449807476940123e-05,0.00016466995003584415,1.8739863410945165e-05,2.6951241130519272e-05,9.413506932810012e-06,89.25,134.0,0.08699999749660492,96.0,17.835752487182617,16.83800947361374
1758758994.798042,0,0,0,-16.186903298023584,48.19163824304722,-228.59913219556756,-1.0555068254470825,-0.0001263626613168242,0.00014096129574132023,1.8427928464555498e-05,2.141473027215147e-05,1.0577733753651884e-05,89.22000122070312,161.0,0.08699999749660492,56.0,17.714649200439453,16.798829336378166
1758758994.8980505,0,0,0,-16.117313985544357,48.11358516912933,-228.59462133638596,-1.0532604455947876,-2.9288501651769883e-05,0.00017458437220347535,1.3096449429263983e-05,-2.4495814757707684e-05,9.43706473828477e-06,89.25,78.0,0.08699999749660492,40.0,17.633960723876953,16.705115802402148
1758758994.998017,0,0,0,-16.047996440212692,48.035618642030165,-228.584765722628,-1.0489035844802856,-0.00021412967685363854,0.0007483945798670487,8.121264846397508e-06,-1.5994672207162915e-05,3.5499075988318794e-05,89.22000122070312,134.0,0.08699999749660492,63.0,17.53337287902832,16.72271198048132
1758758995.0980692,0,0,0,-15.979117821827579,47.95798045407777,-228.57595759002243,-1.0442854166030884,-0.00033746053183824866,0.00020209521195179385,-6.296128039925188e-06,-1.5130629243159352e-05,4.02002859220901e-06,89.51000213623047,100.0,0.08699999749660492,30.0,17.413105010986328,16.656275758864314
1758758995.1980486,0,0,0,-15.910706494200559,47.880891941891385,-228.5772027223639,-1.0402661561965942,0.0007374273649457927,0.0007675165896406684,-2.3041165095107566e-05,-1.3455869502499451e-05,3.1889738166825597e-06,89.54000091552734,87.0,0.08699999749660492,100.0,17.313762664794922,16.601365574936548
1758758995.2980456,0,0,0,-15.842404195074025,47.804282814540514,-228.57392603538318,-1.0363571643829346,0.000156407014175788,0.000352447582304229,1.537156067799077e-05,1.2329325080934361e-05,1.1495984724827597e-05,89.54000091552734,113.0,0.08699999749660492,96.0,17.21485710144043,16.633256521849873
1758758995.3980365,0,0,0,-15.774133405765438,47.72798239882511,-228.56533856852172,-1.0338653326034546,-5.099200332558875e-05,0.00019429686924390385,6.061767724773153e-06,8.73454488255684e-06,1.214734092522769e-05,89.25,101.0,0.08699999749660492,30.0,17.1165771484375,16.497060011234833
1758758995.4980505,0,0,0,-15.705922098368166,47.65195199589416,-228.55711791612578,-1.0319576263427734,-0.00025809142099716476,-3.7354765584161335e-05,2.1105787947318722e-05,-1.536811489711331e-05,1.3554359084290019e-05,89.29000091552734,134.0,0.08699999749660492,29.0,17.018556594848633,16.45591969597971
1758758995.5980546,0,0,0,-15.638018056768386,47.575673394647346,-228.54786038944223,-1.0307602882385254,-0.00020087156610007232,0.00018344968721571966,2.079362034247289e-05,-1.7100928277587182e-05,1.1738391551820952e-05,88.95999908447266,81.0,0.08699999749660492,34.0,16.920515060424805,16.368586588962962
1758758995.698058,0,0,0,-15.570515342131985,47.49951951400973,-228.54327859847297,-1.026285171508789,0.0003031992161390467,0.00029615301774085106,2.5452091944675414e-05,-4.257234264698235e-05,8.6817376332712e-06,88.95999908447266,123.0,0.08699999749660492,72.0,16.822710037231445,16.329695315138032
1758758995.7980497,0,0,0,-15.50316049951316,47.423685763168976,-228.5367896820061,-1.0216779708862305,0.00013235102129541127,0.00031241096487572516,1.4768855965005301e-05,-3.011394859829528e-06,1.004415537495296e-05,89.51000213623047,134.0,0.08699999749660492,62.0,16.72516441345215,16.369046551705114
1758758995.8980505,0,0,0,-15.435876911501284,47.34851672691099,-228.52759867411413,-1.0176928043365479,-4.342778168683512e-05,0.00038447391145261887,2.0088741828337417e-05,7.184717528094197e-06,1.184141481736971e-05,89.54000091552734,133.0,0.08699999749660492,96.0,16.628299713134766,16.33175264451229
1758758995.9980583,0,0,0,-15.368941835470023,47.27346888022035,-228.52120570554337,-1.012136459350586,0.00012958005050414271,0.00048080970899451784,2.5622388179325855e-05,9.132063574657728e-06,1.3861659791585404e-05,89.58000183105469,167.0,0.08699999749660492,63.0,16.531747817993164,16.276621744225913
1758758996.0980656,0,0,0,-15.302501599187135,47.19897782489568,-228.51404867914187,-1.0058573484420776,8.826380736551986e-06,0.0003878016956993342,2.6106772534238106e-06,-1.6950249394340434e-05,5.6623824909580375e-06,88.95999908447266,88.0,0.08699999749660492,17.0,16.43560791015625,16.292475025980938
1758758996.1980705,0,0,0,-15.236452060652896,47.125657405493634,-228.50779477850102,-1.0032267570495605,0.000512900758374086,0.000344213957203484,-3.1826636970016734e-05,2.290751902629152e-05,2.073912445032166e-05,88.95999908447266,87.0,0.08699999749660492,16.0,16.34103012084961,16.223962060065045
1758758996.2980325,0,0,0,-15.170472491124276,47.052579310653755,-228.50272973289538,-0.9999464750289917,0.00010763606849537609,0.0004169066712913029,3.052054225328795e-05,2.4528486475580142e-05,5.700033905006122e-06,88.95999908447266,67.0,0.08699999749660492,96.0,16.246782302856445,16.24163493881394
1758758996.398025,0,0,0,-15.10466383684159,46.9796917490679,-228.49653770482615,-0.9951258301734924,-1.3730456981259778e-05,0.0006002758365492002,2.2024740106988707e-05,2.0869146498494237e-05,2.5285079141356492e-05,89.22000122070312,134.0,0.08699999749660492,29.0,16.152996063232422,16.209258325345274
1758758996.4980628,0,0,0,-15.03917772961919,46.90738950485643,-228.48667560601473,-0.9884787201881409,-0.000649041296528153,0.0006068948792829356,6.398779338049986e-06,7.274309645869567e-06,5.468072778437929e-06,89.25,171.0,0.08699999749660492,100.0,16.05971908569336,16.224463334955914
1758758996.5980628,0,0,0,-14.974497495420051,46.83505298248673,-228.48534781173873,-0.9799690842628479,0.00029130295766925706,0.0008374201828581101,-9.725366297228507e-06,1.7036532995945527e-05,2.026186643923295e-06,89.25,134.0,0.08699999749660492,62.0,15.985432624816895,16.31523791924189
1758758996.6980317,0,0,0,-14.897473849677718,46.74921590199839,-228.47920440246844,-0.97074294090271,0.0002748609583069067,0.000637264830157521,8.970912051217792e-06,-7.779689130866088e-06,1.2643013552124989e-05,89.25,181.0,0.08699999749660492,43.0,15.874719619750977,16.28627221095935
1758758996.7980266,0,0,0,-14.84642504850861,46.69275500590125,-228.46896477210896,-0.9623912572860718,-0.00016550275599956356,0.0008428836443811421,2.132677537725148e-05,4.601465883498372e-05,1.689446080568101e-05,89.54000091552734,47.0,0.08699999749660492,93.0,15.783546447753906,16.333830905565364
1758758996.898064,0,0,0,-14.783430612950614,46.62282255683509,-228.46486028259324,-0.9512966275215149,-0.000133443623373432,0.0010025846431452163,1.1201763876332219e-05,3.085341653056528e-05,5.923153584476632e-07,89.54000091552734,134.0,0.08699999749660492,96.0,15.71139144897461,16.509117140439105
1758758996.9980502,0,0,0,-14.721340192114024,46.55350513246623,-228.46102315187107,-0.9378912448883057,1.3397329321434171e-05,0.0016749525982316812,4.5029340672437585e-05,1.4471713095789426e-05,2.3896751615283314e-05,89.25,102.0,0.08699999749660492,31.0,15.604073524475098,16.54315726900529
1758758997.098061,0,0,0,-14.660143284234872,46.485314298113195,-228.44781741811556,-0.9253479838371277,-0.000274528817548199,0.0008414486738922122,1.1829448124322162e-05,-1.8756739052415913e-05,1.9906217206642543e-05,89.54000091552734,102.0,0.08699999749660492,85.0,15.516201972961426,16.72355675875359
1758758997.198066,0,0,0,-14.600476673712034,46.418334938713905,-228.4424374847237,-0.9154482483863831,2.7669936140965753e-05,0.0015524300605129944,2.8647357671252193e-05,-6.505731991959574e-06,-7.366916743163326e-06,88.95999908447266,133.0,0.08699999749660492,62.0,15.447235107421875,16.862735748643388
1758758997.2980392,0,0,0,-14.541528307116948,46.35205158148958,-228.4425082589824,-0.9047261476516724,0.0003435546034788366,0.0009768200271302846,-4.362164919888129e-07,-1.1240911669305736e-06,6.270911316327031e-06,88.93000030517578,200.0,0.08699999749660492,62.0,15.345443725585938,16.878016171252842
1758758997.3980396,0,0,0,-14.48310605628641,46.286612348556076,-228.431938608213,-0.8924216628074646,-0.0005009775713224407,0.001644425580664758,5.427128342392103e-06,3.426749351156892e-05,3.0090372410296254e-05,88.88999938964844,167.0,0.0860000029206276,96.0,15.261835098266602,17.02638228908705
1758758997.498072,0,0,0,-14.425519108257951,46.221950652923056,-228.42224765968047,-0.8809369802474976,-0.0002134314430576349,0.0007704771098111579,3.5239743298186544e-06,-2.532053777885314e-05,4.748758673042713e-06,88.5999984741211,200.0,0.0860000029206276,96.0,15.1795015335083,17.212067643584444
1758758997.5980227,0,0,0,-14.368803529048693,46.15808242182631,-228.42129799721033,-0.8710505366325378,8.445994903124855e-05,0.0009227349373985222,1.9464066943580123e-05,2.7438383489701035e-06,1.0232567517823668e-06,89.18000030517578,91.0,0.0860000029206276,62.0,15.097919464111328,17.242698440551358
1758758997.6980429,0,0,0,-14.301528872303463,46.08230150391005,-228.41610075925843,-0.8594120144844055,0.00023626840514812635,0.0007052931751627764,-2.185389089870152e-06,1.1010735812838642e-05,1.4884849336810823e-05,89.22000122070312,140.0,0.0860000029206276,70.0,15.033337593078613,17.43228885266824
1758758997.7980227,0,0,0,-14.25707082915809,46.03241662066446,-228.4066516285627,-0.8519384264945984,-0.0003359729634219354,0.0015694930097543548,-1.068966125638216e-05,-8.036815949942402e-06,1.8656076288084505e-05,88.5999984741211,46.0,0.0860000029206276,100.0,14.937660217285156,17.526052609556388
1758758997.8980114,0,0,0,-14.21302355866947,45.982921547797176,-228.40370642751475,-0.8411933779716492,0.00010744795118363166,0.0006259896549110013,4.579403659013053e-06,1.9757443345414404e-05,3.964309282392178e-06,88.5999984741211,46.0,0.0860000029206276,95.0,14.858904838562012,17.58255706545415
1758758997.9980416,0,0,0,-14.147627433060405,45.90942726293757,-228.39785787789617,-0.8344683647155762,0.0001424966812747225,0.0006417106445079331,-2.9159139698927787e-06,9.764728347410324e-06,1.935347932027435e-05,89.18000030517578,134.0,0.0860000029206276,62.0,14.781050682067871,17.642806858649376
1758758998.0980523,0,0,0,-14.09366222689551,45.848973164000014,-228.38817103625843,-0.8265359997749329,7.576342981169544e-05,0.0006536781971059124,1.76935526261879e-05,1.4412814870673976e-05,1.0843218750538238e-05,89.22000122070312,134.0,0.0860000029206276,62.0,14.719286918640137,17.780914155038555
1758758998.1980264,0,0,0,-14.040146247679377,45.790031810272794,-228.38280053094508,-0.8185359239578247,-0.0003032582620966783,0.0015599369158803581,3.207779810242013e-05,-2.9895238595644995e-05,8.392410853006654e-06,89.51000213623047,92.0,0.0860000029206276,97.0,14.628403663635254,17.79148063172363
1758758998.2980242,0,0,0,-13.987261108216586,45.73169714397496,-228.38069804765672,-0.8083992004394531,6.531397871607439e-05,0.0005647925552220891,9.339724041634253e-06,-4.03102482215596e-05,1.0031660333781977e-05,89.51000213623047,157.0,0.0860000029206276,87.0,14.553982734680176,17.969209278871645
1758758998.3980389,0,0,0,-13.934994644821579,45.673667531491326,-228.37578322622142,-0.8009282946586609,0.00021682107756705067,0.000716552666570515,2.6311863089391595e-05,-4.817264248005657e-05,2.4689254442638265e-05,89.58000183105469,86.0,0.0860000029206276,30.0,14.480806350708008,17.98979304329191
1758758998.4980128,0,0,0,-13.89341412029324,45.62761856610167,-228.36933389934484,-0.798116147518158,-0.00011039208803237601,-1.0611604395117474e-05,5.4706451225383155e-06,-3.448293783532823e-06,9.77126027947184e-06,89.25,150.0,0.0860000029206276,79.0,14.407983779907227,18.03461176233248
1758758998.59806,0,0,0,-13.831201854445561,45.558604934753994,-228.36736201081214,-0.7983171939849854,0.00013680767527562745,-0.000144334479732207,-1.362325543143242e-05,1.27248322447069e-07,-5.372777943411589e-06,89.29000091552734,98.0,0.0860000029206276,27.0,14.335444450378418,17.93835900341685
1758758998.6980472,0,0,0,-13.779137422453266,45.5010208344145,-228.3660263592236,-0.7996707558631897,0.0004073720174029898,-0.00028099308211522797,1.308968901801872e-06,3.0241440976656152e-05,9.458747397167637e-06,89.25,159.0,0.0860000029206276,96.0,14.262643814086914,17.746075669088672
1758758998.7980378,0,0,0,-13.715914579948812,45.43231522133788,-228.35124710895252,-0.8052964806556702,-0.00036496547711745077,-0.0003998260148779591,-1.478404201814747e-05,2.8836926828009295e-05,1.68878394343242e-05,89.54000091552734,167.0,0.0860000029206276,63.0,14.190159797668457,17.634700178611414
1758758998.8980474,0,0,0,-13.673593112357766,45.38594167226211,-228.3447831861464,-0.8089237809181213,-0.00022837524216153942,-0.00047150391949335376,4.673831087497908e-06,2.7874020368382383e-05,5.751143932470643e-06,89.18000030517578,169.0,0.0860000029206276,98.0,14.117342948913574,17.429153803748953
1758758998.9980555,0,0,0,-13.620554315739545,45.327266021263796,-228.34211914238898,-0.8152109384536743,3.173597434519046e-05,-0.00041395770547751783,7.684424861787229e-06,1.2919326737119273e-05,7.951532626802303e-06,88.93000030517578,200.0,0.0860000029206276,96.0,14.04369068145752,17.177781229657413
1758758999.098064,0,0,0,-13.567279378300045,45.268486053177874,-228.33529590432488,-0.8213328719139099,0.00014703599767452183,-0.0006568258390636783,3.388560834490352e-06,9.240875789148005e-07,1.039096066613601e-05,88.88999938964844,134.0,0.0860000029206276,29.0,13.969508171081543,17.045131300194733
1758758999.1980615,0,0,0,-13.513827624939168,45.20949770560388,-228.33097465807828,-0.8270941972732544,0.00039426386577402723,-0.0010162244034682849,-1.8936447709203398e-06,4.344312677922474e-05,8.63522470502019e-06,88.93000030517578,167.0,0.0860000029206276,96.0,13.895466804504395,16.8404958414958
1758758999.2980213,0,0,0,-13.459900932931644,45.15041735075655,-228.3265874884492,-0.8315408229827881,-0.00015644152647722727,-0.0003335623180991612,6.360180009401858e-09,1.6095807047952028e-05,9.797947892285005e-06,89.25,134.0,0.0860000029206276,63.0,13.820971488952637,16.56297445127546
1758758999.3980658,0,0,0,-13.405803119303657,45.090886018278354,-228.31620092602202,-0.8301101326942444,-0.0005512439557738341,0.0006449587141992107,1.080839909991139e-05,-2.0906659844541676e-05,9.337991950440721e-06,88.93000030517578,89.0,0.08699999749660492,52.0,13.745864868164062,16.519502065230018
1758758999.498055,0,0,0,-13.352404973699368,45.03147719517148,-228.31136722731236,-0.8204044699668884,-1.1006618638280342e-05,0.0006531820865068259,1.2611410167922452e-06,3.062430935045528e-06,-5.946472878669927e-07,89.18000030517578,134.0,0.08699999749660492,63.0,13.671064376831055,16.669856785454318
1758758999.5980406,0,0,0,-13.29972261802578,44.97305895288538,-228.31063501625187,-0.8088460564613342,0.00032225887756527513,0.0010042301732484402,-1.0517117548800556e-05,1.6384568218535759e-06,6.500354123563845e-06,89.22000122070312,154.0,0.08699999749660492,83.0,13.611681938171387,16.749255464321397
1758758999.6980538,0,0,0,-13.237151633773347,44.9043528533614,-228.30229128616025,-0.7938292622566223,-0.00014118489897715014,0.001138378832294217,1.7236611514576924e-05,1.2549964571438166e-05,9.6546859010571e-06,88.95999908447266,167.0,0.08699999749660492,29.0,13.538233757019043,17.030414713178704
1758758999.79806,0,0,0,-13.196153703864569,44.85932510502097,-228.29689009053072,-0.7814144492149353,-0.0007942731622300144,0.0024199057846744565,6.837897151568069e-06,3.4565049724364836e-05,8.27125101963581e-06,89.51000213623047,137.0,0.08699999749660492,96.0,13.45223331451416,17.155177820633078
1758758999.8980467,0,0,0,-13.146009013634146,44.80395969553403,-228.2939548099131,-0.7663335800170898,0.00013330593725490326,0.0012050244653240131,-9.171885094767376e-06,-8.081667920183672e-06,1.0777012161211457e-05,89.25,148.0,0.08699999749660492,43.0,13.395773887634277,17.376559361407043
1758758999.9980536,0,0,0,-13.09681418212182,44.74940038135101,-228.2854985959117,-0.7511922121047974,8.136210876362367e-05,0.0011776086647051656,-1.2907795894245957e-05,-1.1492880041074786e-05,1.3896280954513596e-05,88.88999938964844,170.0,0.08699999749660492,65.0,13.312766075134277,17.660571280513683
1758759000.098059,0,0,0,-13.048558471322469,44.69581155300483,-228.2793389933268,-0.7361558675765991,2.4989213918552306e-05,0.0012074959582459306,-1.1113129576868126e-06,-5.151294047076279e-06,5.644745621652988e-06,88.63999938964844,67.0,0.08699999749660492,29.0,13.244720458984375,17.84032466748037
1758759000.198062,0,0,0,-13.001283374304164,44.64365131117051,-228.27782736359455,-0.7217350006103516,6.315591891307447e-05,0.0020366833362825557,-2.9371980339785188e-05,-5.018566190722245e-07,1.3379594522164402e-06,88.8499984741211,139.0,0.08699999749660492,68.0,13.17859172821045,18.104922967747857
1758759000.2980914,0,0,0,-12.954819439853011,44.59255196583674,-228.27385660979752,-0.7078072428703308,8.390417418610715e-05,0.00101601480762205,6.659417524526855e-06,1.8348450050427902e-05,1.2427323169468531e-05,88.8499984741211,100.0,0.08699999749660492,97.0,13.113945007324219,18.390318156626865
1758759000.3980534,0,0,0,-12.909140521717372,44.54231098414286,-228.2669782176722,-0.6940449476242065,-0.00015909839960860124,0.0008842235306336041,6.383526951354785e-06,1.8105420779791344e-05,5.381356084098037e-06,88.93000030517578,80.0,0.08699999749660492,96.0,13.050741195678711,18.6189571564269
1758759000.4980464,0,0,0,-12.864441151309231,44.49311268099635,-228.2654384375768,-0.6811737418174744,-1.9978372889300144e-05,0.0011191659011752883,-7.438690169636579e-06,-2.1947643766988624e-06,3.204426738104115e-06,88.5999984741211,70.0,0.08699999749660492,32.0,12.98878288269043,18.996012293288672
1758759000.5980122,0,0,0,-12.820676859901326,44.44466384136082,-228.26438384029063,-0.666916012763977,0.00014972159030587407,0.0009627387955565552,-8.584117864337904e-06,1.2845428275926538e-05,8.251525228899267e-06,89.22000122070312,100.0,0.08699999749660492,96.0,12.927789688110352,19.320536140813235
1758759000.698045,0,0,0,-12.777816840695044,44.39746517279165,-228.25631031582822,-0.6525999307632446,-0.00015381290356036528,0.0010793040635015366,-7.935410710466412e-06,2.065089055811852e-06,6.219416113836313e-06,89.18000030517578,198.0,0.08699999749660492,94.0,12.868245124816895,19.536373130660913
1758759000.798028,0,0,0,-12.727744737643663,44.341993970974265,-228.2570757307435,-0.634907603263855,9.7014801475723e-05,0.001091541851210338,6.099695465007584e-09,-5.266084175770809e-07,2.7701354663093733e-07,89.51000213623047,177.0,0.08699999749660492,73.0,12.809892654418945,20.09807042078966
1758759000.8980641,0,0,0,-12.695032312605624,44.3056706433833,-228.2557672418758,-0.6245327591896057,0.00011855093374715672,0.0009991821076648318,-7.562444619179812e-06,-8.731623719016637e-06,1.2918886100652885e-05,89.25,100.0,0.08699999749660492,29.0,12.752933502197266,20.265790817473754
1758759000.998038,0,0,0,-12.654847052407451,44.261505907176776,-228.24623258150262,-0.612289309501648,-0.0003169819783962565,0.0007670335890335059,2.078986477193134e-06,9.088627208718742e-06,4.153501656311856e-06,89.54000091552734,152.0,0.08699999749660492,81.0,12.697216987609863,20.56630526673672
1758759001.0980628,0,0,0,-12.61567449466051,44.21808936625937,-228.24627401491853,-0.6016651391983032,0.00013138551897305133,0.0008465283394668771,-1.9566318166695486e-05,8.839549289954486e-07,-2.1774689285640806e-06,89.54000091552734,137.0,0.08699999749660492,99.0,12.6424560546875,20.98064614653875
1758759001.198046,0,0,0,-12.577467667708701,44.175527051269384,-228.24314896813962,-0.5907711386680603,6.157245813045661e-06,0.0017539944446369532,3.2157049892117326e-07,-1.356993094050861e-06,1.8412743036545475e-05,89.22000122070312,100.0,0.08699999749660492,30.0,12.589483261108398,21.120297092997188
1758759001.2980382,0,0,0,-12.539973732413928,44.13391439725406,-228.2377805551473,-0.5800991058349609,-6.443769585718305e-06,0.0009756297221017833,-2.8515140313976844e-06,4.8503800394847335e-06,-8.568402775620758e-07,89.51000213623047,167.0,0.08699999749660492,64.0,12.537607192993164,21.468364892227378
1758759001.3980367,0,0,0,-12.50327404096328,44.09292409004145,-228.23972335411304,-0.5662122964859009,0.00017751324017019105,0.001057895380384563,3.3653236326137588e-06,9.680300899795202e-06,3.6256110142492064e-06,89.54000091552734,170.0,0.08699999749660492,97.0,12.486651420593262,22.004538033093517
1758759001.4980586,0,0,0,-12.467411112621887,44.05317253946725,-228.23526873164724,-0.5536317825317383,3.4507335668286596e-05,0.0007848652833130208,-1.606982509958997e-06,1.797119774866073e-05,8.27165445776444e-06,89.25,134.0,0.08699999749660492,63.0,12.437193870544434,22.291086178152053
1758759001.598049,0,0,0,-12.43219829360709,44.01409055346576,-228.228962689931,-0.5427653789520264,-8.258867327523589e-05,0.000880083898363804,-8.786628991242307e-06,-7.163415723320728e-06,-1.1730163695824061e-07,88.5999984741211,67.0,0.08699999749660492,30.0,12.388586044311523,22.757251156508694
1758759001.6980495,0,0,0,-12.397882652676406,43.97594759231488,-228.22800419316212,-0.530414879322052,9.419931927834329e-05,0.0011018865034653999,6.680531585812801e-06,9.493102468213331e-06,1.5153098561517757e-06,88.88999938964844,100.0,0.08699999749660492,29.0,12.341062545776367,23.25340811693868
1758759001.7980473,0,0,0,-12.36431119407634,43.93854800419565,-228.22534224061712,-0.5176571011543274,-5.8360185285993014e-05,0.0021116761230628184,-1.885194413185556e-05,-1.1217105852552258e-05,3.6350262476235564e-06,88.93000030517578,109.0,0.08699999749660492,39.0,12.294506072998047,23.612518988073152
1758759001.8980224,0,0,0,-12.331626297571644,43.90222995485991,-228.2230142579619,-0.5047721862792969,9.743627741722131e-05,0.0009691898432085548,-5.524811113430256e-06,1.573019023945991e-05,5.944560796948946e-06,88.63999938964844,100.0,0.08699999749660492,29.0,12.249124526977539,24.19482302815719
1758759001.9980562,0,0,0,-12.299693305055621,43.86668001906561,-228.2183960341345,-0.49213454127311707,4.634911529564049e-05,0.0011112941410509401,2.4263560234125656e-06,-6.097037751256968e-08,6.608630268681395e-06,88.66999816894531,134.0,0.08699999749660492,30.0,12.204766273498535,24.718551415938066
1758759002.0981238,0,0,0,-12.268601606557478,43.83226129299885,-228.21555951244545,-0.47943827509880066,1.75418242604928e-07,0.0007337332144665209,-2.8923646688661795e-06,8.141239369425244e-06,1.537254926875762e-06,88.30999755859375,134.0,0.08699999749660492,29.0,12.161528587341309,25.101183783642366
1758759002.198039,0,0,0,-12.23801661715548,43.79922152945371,-228.21570672681014,-0.47759535908699036,0.00017129315258557413,-0.0017484404197274173,-4.5611216767190455e-05,1.8429447062686258e-05,9.106178175650619e-06,88.8499984741211,77.0,0.08699999749660492,97.0,12.120187759399414,25.1272867806588
1758759002.298065,0,0,0,-12.20678106438455,43.76546834928331,-228.21147804854212,-0.49321484565734863,-0.00030768511432530083,-0.0015663609201707835,-1.1966095339232574e-05,9.436063763169972e-07,6.885756457400645e-06,88.5999984741211,100.0,0.08699999749660492,29.0,12.079008102416992,24.36087329947444
1758759002.3980503,0,0,0,-12.174467397085905,43.73045859292061,-228.20833802625936,-0.5115164518356323,-0.00018550055461192768,-0.0015970303744842701,-1.050620649743776e-05,1.0277895341189118e-05,-4.453479977517935e-08,88.5999984741211,100.0,0.08699999749660492,72.0,12.045234680175781,23.289402889293104
1758759002.4980466,0,0,0,-12.141017194546922,43.6939068301896,-228.20853768739448,-0.5307759046554565,1.3440363325155748e-06,-0.001703946174040999,-1.4092564157237441e-05,-2.2789814871985847e-06,-6.631586289130872e-06,88.88999938964844,134.0,0.08799999952316284,30.0,11.992048263549805,22.45622557596672
1758759002.598013,0,0,0,-12.106112154790832,43.65560122893541,-228.21319148439898,-0.5520511865615845,-3.148080096438744e-05,-0.001958693868893263,-2.334757757590539e-05,-9.168201924469454e-06,-6.9849526822221786e-06,88.93000030517578,100.0,0.08799999952316284,29.0,11.945571899414062,21.46019257936209
1758759002.698047,0,0,0,-12.069606369250321,43.61585654171599,-228.22276131867204,-0.5758516192436218,6.0829442692771855e-05,-0.0018553632379497325,-1.4828832000078514e-08,1.5568653010627915e-06,-3.0275160314938452e-05,88.66999816894531,134.0,0.08799999952316284,29.0,11.89736557006836,20.422026048919953
1758759002.7980142,0,0,0,-12.03924226654732,43.58276994774353,-228.24217766307032,-0.5966570973396301,-1.7828578202774186e-05,-0.001872951026863993,-1.4029394912077432e-05,1.977219081124562e-06,-5.275558400395667e-05,88.95999908447266,134.0,0.08799999952316284,29.0,11.846851348876953,19.72986816265518
1758759002.8980525,0,0,0,-11.99192977878318,43.53103611552155,-228.29153344841825,-0.6183508038520813,-7.32137133876631e-05,-0.0019837734803854175,-1.0170535324689173e-05,3.653711104975947e-06,-7.092075807229231e-05,88.63999938964844,130.0,0.08799999952316284,60.0,11.794546127319336,19.000843416434908
1758759002.998022,0,0,0,-11.95084632046459,43.48646346862278,-228.35132884135726,-0.6401577591896057,5.845374648811381e-05,-0.00157195838254408,2.154864225329251e-06,-2.705310830713208e-06,-9.336313382116985e-05,88.5999984741211,139.0,0.08799999952316284,101.0,11.74009895324707,18.15849661182816
1758759003.098051,0,0,0,-11.908463412498188,43.4406631878502,-228.42066196788755,-0.6582091450691223,-2.7494598066937694e-05,-0.0013762266180933163,3.303086153805962e-06,1.9000335688341e-05,-9.666112345491295e-05,88.2699966430664,144.0,0.08799999952316284,40.0,11.683767318725586,17.621290998600973
1758759003.198054,0,0,0,-11.865549629154232,43.395239906807824,-228.48906730339888,-0.6742715239524841,-0.0010055070037911847,-0.002215344482395615,1.6546126559422854e-05,1.8899557356575108e-05,-0.0001947079245613037,88.5999984741211,134.0,0.08799999952316284,62.0,11.638818740844727,17.182272502804466
1758759003.298034,0,0,0,-11.821892692051582,43.34813745877073,-228.55775014008043,-0.6853688359260559,-0.00023606952115942109,-0.0005278034275151601,9.55192771190951e-07,7.064325069818006e-06,-8.898045302494794e-05,88.88999938964844,167.0,0.08799999952316284,63.0,11.57089614868164,16.71614865771961
1758759003.398047,0,0,0,-11.777994867664807,43.3005720709137,-228.61563004023765,-0.6873547434806824,0.0002893786868089873,0.00015246279508152082,4.801044232128127e-06,2.857348869308079e-05,-5.803694841341098e-05,88.55999755859375,135.0,0.08799999952316284,30.0,11.512560844421387,16.649382220501927
1758759003.4980478,0,0,0,-11.734016414911123,43.25330675327844,-228.64801242825496,-0.6812123656272888,-4.178695217163373e-05,0.0009217232296499518,-2.2401037291879353e-07,2.2592885929693996e-05,-2.7565413368379986e-05,88.5999984741211,148.0,0.08799999952316284,43.0,11.454466819763184,16.749580680678726
1758759003.598042,0,0,0,-11.690656926734839,43.206443218853664,-228.66233086699162,-0.667269229888916,-0.000345782794139549,0.002412379073518737,2.5274414552948225e-05,5.8591258026609575e-05,-8.061797610828745e-06,88.63999938964844,168.0,0.08799999952316284,63.0,11.396774291992188,16.956755304533395
1758759003.698021,0,0,0,-11.648604074706384,43.16080371519668,-228.65789578940684,-0.6493154168128967,-0.0001736488944944686,0.001659795999659594,8.337678869101406e-06,1.8688452658210712e-06,2.1118833217270936e-05,88.93000030517578,100.0,0.08799999952316284,63.0,11.35156536102295,17.356709488530125
1758759003.7980218,0,0,0,-11.6079229307261,43.11612295961893,-228.63747850180425,-0.6287524104118347,-0.00028609011556662964,0.0033616790370568795,2.343809155340181e-06,-6.140861160225782e-05,7.857680353052927e-05,88.5999984741211,170.0,0.08799999952316284,129.0,11.285512924194336,17.851066609384294
1758759003.8980494,0,0,0,-11.568807315360067,43.07309980936705,-228.61131556584525,-0.6074842810630798,0.00016976433595030705,0.0016504570904243786,2.9969652182239272e-06,-1.5107174102643057e-05,3.656083393411881e-05,88.55999755859375,102.0,0.08799999952316284,31.0,11.232522964477539,18.33519768157554
1758759003.9980242,0,0,0,-11.530936608444602,43.03131635188089,-228.58122685481356,-0.5867913365364075,0.0003282677520276639,0.003261007613964475,-8.818908201588634e-06,-8.944969201075505e-06,9.219003032612076e-05,88.2699966430664,234.0,0.08799999952316284,96.0,11.181014060974121,18.87665504140422
1758759004.098021,0,0,0,-11.494336610634859,42.99123730285555,-228.5435910305195,-0.5661056041717529,6.40947193524796e-05,0.0016367730931554718,-4.274010413590375e-06,3.1438494715876396e-06,5.754379894025819e-05,88.5999984741211,100.0,0.08799999952316284,62.0,11.141307830810547,19.596202046584352
1758759004.1980329,0,0,0,-11.459403778204258,42.95290924988641,-228.50034608384277,-0.5455003380775452,-8.315925957024081e-05,0.002766207281217706,-1.570313967816062e-06,8.719622360244809e-06,0.00011497480449089583,88.93000030517578,134.0,0.08799999952316284,62.0,11.08432388305664,20.174243915077646
1758759004.2980852,0,0,0,-11.425613654117678,42.91558259933269,-228.4601154422923,-0.5306844115257263,9.475891757857575e-05,0.0005585589313854067,-1.389170132800582e-05,1.0456451446430365e-05,5.657518384434673e-05,89.22000122070312,145.0,0.08799999952316284,96.0,11.03885269165039,20.621192242620005
1758759004.3980289,0,0,0,-11.392422490320964,42.87922592321339,-228.4189932315192,-0.5271653532981873,1.746709687468846e-05,-0.00035672018859605656,-1.9580114821362937e-05,-7.094457945816093e-06,5.70842111987159e-05,88.93000030517578,115.0,0.08799999952316284,43.0,10.994869232177734,20.77654381899589
1758759004.4980502,0,0,0,-11.352141768126648,42.83514878779053,-228.36856566051523,-0.5376718640327454,-0.00014814485350351256,-0.0009955811996611255,-1.085473523371036e-05,2.0076154455279223e-06,6.071791746267991e-05,88.88999938964844,167.0,0.08799999952316284,62.0,10.951123237609863,20.17869187003222
1758759004.59804,0,0,0,-11.317675441614202,42.79745262311445,-228.32766918678345,-0.552828848361969,0.00015589806584605004,-0.001389977096803892,-1.9207074200591253e-05,4.677565947829355e-07,6.047592925955262e-05,89.22000122070312,134.0,0.08799999952316284,63.0,10.915468215942383,19.636497624596384
1758759004.6980226,0,0,0,-11.289190111401997,42.76636020507421,-228.29258213950908,-0.56585294008255,-7.672870052333799e-05,-0.001331614785925621,-2.1375264406613057e-05,-1.5102951030486172e-06,6.529293926943055e-05,88.3499984741211,128.0,0.08799999952316284,24.0,10.86028003692627,19.19350037047522
1758759004.7980547,0,0,0,-11.25253502282319,42.726258075376805,-228.2459347843295,-0.582221269607544,-5.41694086173167e-05,-0.0015917541155247659,-8.969949963924284e-06,-2.303466303963955e-06,6.192700615276697e-05,88.93000030517578,100.0,0.08799999952316284,62.0,10.812925338745117,18.4528756670452
1758759004.8980494,0,0,0,-11.20701309080008,42.676497157869,-228.19440671132872,-0.6041596531867981,6.703029368918575e-05,-0.00147481792218705,-2.0095809292992155e-05,3.5911259306131397e-06,6.119874699026227e-05,88.63999938964844,167.0,0.08799999952316284,29.0,10.764208793640137,17.75815933745358
1758759004.998028,0,0,0,-11.175625751009552,42.642255798050996,-228.1574446194782,-0.6182934641838074,-5.4614628054933285e-05,-0.0017004010218350293,-1.7271476615139918e-06,6.452200743572397e-06,7.050970462340801e-05,89.22000122070312,170.0,0.08799999952316284,66.0,10.713492393493652,17.319688701984195
1758759005.098064,0,0,0,-11.13536010830426,42.59833910831475,-228.11103262893857,-0.6373804807662964,-8.12220842732701e-05,-0.0016222673082255318,-9.897668662789186e-06,-1.3242037324321303e-05,5.815651814412249e-05,89.22000122070312,100.0,0.08799999952316284,97.0,10.661263465881348,16.713232759116277
1758759005.198053,0,0,0,-11.09448740884582,42.55387639020062,-228.07127878076057,-0.6558858752250671,0.0003767093260730163,-0.0028003310726937014,2.2452131214167564e-05,-1.3099316415155896e-06,0.0001157863618070636,88.93000030517578,234.0,0.08799999952316284,29.0,10.608675003051758,16.1219826003355
1758759005.2980702,0,0,0,-11.052323948941384,42.50818717955686,-228.02731843133205,-0.6716493964195251,5.883244852287735e-06,-0.0013022084123327196,-2.882982363328506e-06,-1.331560277070891e-05,6.32023538096408e-05,89.18000030517578,181.0,0.08799999952316284,78.0,10.554591178894043,15.721613066780082
1758759005.3980184,0,0,0,-11.008909968808965,42.46107436622623,-227.98315675428972,-0.6867409348487854,-0.00012326408750072546,-0.0012581820791856776,-7.682642724010932e-06,7.102076060166196e-06,5.6352655282057415e-05,88.95999908447266,100.0,0.08799999952316284,62.0,10.498923301696777,15.225095418602212
1758759005.4980464,0,0,0,-10.964466238342196,42.4127595742146,-227.94340021097076,-0.7020032405853271,0.00012763674976550715,-0.0011541038578864863,-1.1375529971168638e-06,2.944849993189856e-06,5.8794364163298996e-05,88.66999816894531,105.0,0.08900000154972076,29.0,10.453437805175781,14.888460139851183
1758759005.5980415,0,0,0,-10.918979514038396,42.36370848035237,-227.9006851400942,-0.7157456278800964,-1.7910410591607747e-05,-0.002092428848693602,-1.4499716354337148e-05,-1.028711230445321e-05,0.00012154862875031556,89.22000122070312,167.0,0.08900000154972076,62.0,10.383715629577637,14.506640410637928
1758759005.6980114,0,0,0,-10.872569643518935,42.31371667322006,-227.8564439332868,-0.7269678711891174,-0.00017185073403848514,-0.000917924751750754,-2.2970140707639786e-06,-5.642796472674229e-06,5.051946246082878e-05,89.22000122070312,112.0,0.08900000154972076,96.0,10.324639320373535,14.143925553072123
1758759005.7980542,0,0,0,-10.825346758591715,42.26253134014826,-227.82214064202077,-0.7365570664405823,0.00011093657431926284,-0.0008315149721477321,8.64904205709969e-06,-2.5200688171607924e-06,4.5614305705292034e-05,88.88999938964844,134.0,0.08900000154972076,29.0,10.264189720153809,13.8920473307751
1758759005.8980215,0,0,0,-10.777417853358553,42.211017264012334,-227.7881070640255,-0.7449144124984741,0.00040013816120527203,-0.0007951015749116319,4.762199894989065e-06,1.585903966660378e-05,5.8381973054342826e-05,88.5999984741211,134.0,0.08900000154972076,29.0,10.203120231628418,13.714326015709466
1758759005.9980583,0,0,0,-10.72851174714273,42.158735221432856,-227.7479194718025,-0.755769670009613,-0.0004292349750197611,-0.002457241924861101,-1.966970750172957e-05,1.9544398173516705e-07,0.00010094277078165847,88.93000030517578,133.0,0.08900000154972076,63.0,10.153895378112793,13.40081628676893
1758759006.0980995,0,0,0,-10.678674924781069,42.10498658769825,-227.71546643288093,-0.7743464112281799,-0.00012393895805626277,-0.0018874972145584788,-3.2517593091105014e-06,-2.4034445044730914e-06,3.893435522752352e-05,88.5999984741211,101.0,0.08900000154972076,30.0,10.078633308410645,13.013656577472766
1758759006.1980684,0,0,0,-10.627821455358296,42.04967545337683,-227.68900023781515,-0.7966459393501282,0.00024316989809741458,-0.003857121880157031,-2.638116759444926e-05,-1.6043889423925923e-05,6.875679513910316e-05,89.18000030517578,97.0,0.08900000154972076,100.0,10.02700424194336,12.589288261958705
1758759006.29806,0,0,0,-10.57521224939306,41.99269733860897,-227.66587815150376,-0.8216966390609741,0.0002981862091898102,-0.0019337719477844273,-3.6087663813676095e-07,-2.6241386649395595e-06,3.1746386380980715e-05,88.88999938964844,72.0,0.08900000154972076,29.0,9.947686195373535,12.066669682906667
1758759006.3980603,0,0,0,-10.520519623634625,41.93386434828033,-227.64373010515686,-0.8461452126502991,-0.00027171235617622894,-0.004088411721635408,-2.1249114680047017e-05,1.2918046193612035e-05,6.432643336937014e-05,88.93000030517578,153.0,0.08900000154972076,49.0,9.893491744995117,11.669588745027674
1758759006.4980512,0,0,0,-10.464187628859932,41.87313730205483,-227.62738684424596,-0.8704207539558411,-0.0003717898200967976,-0.0020737528967659084,-4.90855662306279e-06,2.692716596453041e-06,1.4556596376407448e-05,88.95999908447266,106.0,0.08900000154972076,29.0,9.823640823364258,11.289220784063822
1758759006.5980442,0,0,0,-10.40642897291211,41.810587514536344,-227.61646107353005,-0.8944365978240967,0.000602708260878099,-0.003990522593322757,-1.3360951330790031e-05,-8.026139992779865e-07,3.88236559460615e-05,89.22000122070312,149.0,0.08900000154972076,45.0,9.737141609191895,10.841589487289323
1758759006.6980562,0,0,0,-10.34676523166814,41.74618558705259,-227.60054448519037,-0.9175907373428345,-2.3491353504225074e-05,-0.0018239472419706276,4.0638375979420115e-06,1.2559241663801546e-05,2.8670855778329516e-05,88.93000030517578,162.0,0.08900000154972076,92.0,9.662866592407227,10.53426692659928
1758759006.798016,0,0,0,-10.285578351958403,41.68038489241376,-227.58457912602842,-0.939845621585846,-0.00027552918270392924,-0.0018468696867853347,-1.030445530924307e-05,2.3676862160896805e-05,8.61998179531891e-06,89.25,134.0,0.08900000154972076,64.0,9.587112426757812,10.202506998199265
1758759006.8980627,0,0,0,-10.222959112012214,41.61284225897971,-227.57590455546358,-0.9603250622749329,0.00014565071194013493,-0.001715752917090209,-1.672614267517717e-05,5.279395509792346e-06,2.1488208833679487e-05,89.18000030517578,149.0,0.08900000154972076,78.0,9.509346961975098,9.865052134943987
1758759006.9980502,0,0,0,-10.158741058119446,41.543770998609126,-227.55454890900205,-0.9780179262161255,-0.0008207172410149799,-0.0013100600180813579,-2.4509937995555304e-05,-3.249034393523244e-05,3.256533114861016e-05,88.93000030517578,169.0,0.08900000154972076,65.0,9.446380615234375,9.658970358878484
1758759007.098057,0,0,0,-10.081235701117214,41.459075466315205,-227.53896471104264,-0.9905567765235901,-0.0006377422343330917,-0.00046558144586871826,-4.07750741330189e-05,-8.435208801368451e-05,5.218038226407451e-06,88.93000030517578,100.0,0.08900000154972076,29.0,9.349818229675293,9.413989982140903
1758759007.198061,0,0,0,-10.030038864574665,41.40169643643286,-227.53941831202155,-0.9923551678657532,-0.0003648582081665694,-0.00024497238958750054,-0.00020170853910168358,-0.00026388502003874654,1.5270991661802523e-06,88.93000030517578,130.0,0.08900000154972076,58.0,9.268499374389648,9.32209486733404
1758759007.298061,0,0,0,-9.966158603142944,41.32968757793467,-227.53726930765737,-0.9966557621955872,0.0004775072627059907,-0.0009503869677568626,-9.232258667112554e-05,-9.872794705036957e-05,4.022561650333844e-06,88.93000030517578,129.0,0.08900000154972076,59.0,9.186942100524902,9.231673712227808
1758759007.3980713,0,0,0,-9.887945460422205,41.242547422059225,-227.5356608759413,-1.0144717693328857,0.0017070150763629824,-0.0014410499880352055,3.2443133369627674e-06,5.900919779454588e-06,1.1212941349578596e-05,89.22000122070312,134.0,0.08900000154972076,29.0,9.104999542236328,8.958235599780044
1758759007.4980743,0,0,0,-9.81998201728499,41.16967975616145,-227.5179218396833,-1.0333263874053955,0.0006054450540959183,-0.001452061578759559,1.9565873432517708e-05,9.865759438195692e-05,3.6417573023552816e-05,89.29000091552734,100.0,0.08900000154972076,29.0,9.022795677185059,8.724723694221911
1758759007.5980532,0,0,0,-9.764339534257507,41.1107901862654,-227.497234334611,-1.047849416732788,-0.0011531345626929178,-0.0014827270714812477,1.98814343566117e-05,0.00010922770394841271,2.1966219081965063e-05,88.95999908447266,135.0,0.08900000154972076,31.0,8.940072059631348,8.52408163800536
1758759007.6980588,0,0,0,-9.69427930373503,41.035211073640134,-227.48974052381038,-1.0658866167068481,-0.0005056012341233146,-0.0016926161190894773,3.1422227351447854e-05,4.5294067903535046e-05,7.569968281807199e-06,89.25,114.0,0.08900000154972076,46.0,8.85617733001709,8.298331363195892
1758759007.798019,0,0,0,-9.623499246689965,40.95783015953765,-227.4766622865077,-1.0856494903564453,0.00024240631406202522,-0.0012504048470344431,2.9639210851342654e-05,-4.939996270511837e-05,3.593824557318744e-05,88.93000030517578,134.0,0.08900000154972076,29.0,8.770322799682617,8.0862647552606
1758759007.8980563,0,0,0,-9.551590694444702,40.879251489411104,-227.44982600226837,-1.097403883934021,-0.0005323743829193009,-0.0008875789202447268,-2.8073761842924013e-05,-6.913783807242633e-05,2.84699794568054e-05,89.22000122070312,202.0,0.08900000154972076,64.0,8.6832914352417,7.913238700810671
1758759007.9980476,0,0,0,-9.479231678623373,40.79927640431474,-227.44201600758066,-1.1078529357910156,0.000171632824284482,-0.0016968352692128097,-6.280117108630143e-05,-0.0001690476877456562,-1.0710606765934827e-05,89.25,167.0,0.08900000154972076,63.0,8.595361709594727,7.749298585367584
1758759008.0980623,0,0,0,-9.39151791756845,40.70253944315293,-227.43596089205698,-1.1207581758499146,0.0006915207176419237,-0.0009161492349599703,-5.1002504460122745e-06,-4.1179380579046955e-05,2.4170318719223662e-05,88.95999908447266,138.0,0.08900000154972076,34.0,8.506881713867188,7.592601990997663
1758759008.1980555,0,0,0,-9.332170009655385,40.638514376804764,-227.4207553961797,-1.129081130027771,0.00033709963772585557,-0.000960190869461966,-7.794694768214785e-06,-1.3220759879036742e-05,2.106103280756783e-05,88.93000030517578,98.0,0.08900000154972076,55.0,8.41884994506836,7.4701179641825
1758759008.2980697,0,0,0,-9.257053095017662,40.5580464051789,-227.40796777134005,-1.140999436378479,0.0002215953796540899,-0.0008495560111535282,1.176454220707916e-05,4.660412771831383e-05,2.0572682437839494e-05,88.88999938964844,107.0,0.08900000154972076,96.0,8.33112907409668,7.29770195670993
1758759008.3980453,0,0,0,-9.18085399677127,40.47669949497746,-227.39018302278708,-1.150421142578125,-0.00041884134565673846,-0.0007941235954784608,-1.057723554895413e-06,-5.582025140484505e-06,3.469321637891244e-05,88.5999984741211,195.0,0.08900000154972076,91.0,8.243496894836426,7.1814638080662165
1758759008.4980774,0,0,0,-9.104400857527041,40.39466366563844,-227.3668949452305,-1.1580101251602173,-0.0006281474788401254,-0.0006620353407537193,-4.3256655112859685e-05,-4.380651450045371e-05,2.3156405681803204e-05,89.54000091552734,167.0,0.08900000154972076,62.0,8.155305862426758,7.048640021485543
1758759008.5980434,0,0,0,-9.027770482845261,40.311222073541586,-227.35772118946647,-1.1687270402908325,0.0004982183032504093,-0.0020396012086621867,-7.968676742970925e-05,-7.202081062320577e-05,1.8517093154763077e-05,89.54000091552734,100.0,0.09000000357627869,62.0,8.066791534423828,6.903515918170456
1758759008.6980562,0,0,0,-8.950233435542092,40.227107473682494,-227.3486487910311,-1.1834471225738525,0.0007843816495508599,-0.0015601609344840007,-6.693781325244127e-06,-3.4845911344747297e-05,2.616557143193117e-05,89.54000091552734,169.0,0.09000000357627869,98.0,7.977763652801514,6.753548263694151
1758759008.798056,0,0,0,-8.870693697660837,40.14207322111678,-227.3232003674538,-1.2022700309753418,-0.00026916992685405085,-0.0015707615409289006,9.489287005058774e-06,-1.4571222628549554e-05,3.807335921109004e-05,89.25,200.0,0.09000000357627869,63.0,7.888537883758545,6.556737206671893
1758759008.8980594,0,0,0,-8.790108064168223,40.05582295411405,-227.30627923851495,-1.2180955410003662,-0.0005983811017533534,-0.0012169555548278308,-2.4996940399219524e-05,-4.916601087678211e-06,4.559211711882802e-06,89.29000091552734,167.0,0.09000000357627869,62.0,7.798725128173828,6.4048219293995485
1758759008.9980328,0,0,0,-8.708857409064194,39.967719714935505,-227.3052186790784,-1.2343827486038208,0.0014982582802851477,-0.0026626006761553246,-8.151705369765605e-05,-2.1736231931735956e-05,2.8108788361488656e-05,89.87000274658203,108.0,0.09000000357627869,96.0,7.708183288574219,6.252376801360098
1758759009.0980828,0,0,0,-8.626117145497185,39.87896576833353,-227.28260136530054,-1.2506933212280273,0.00028321554307049576,-0.0013914292965021488,-1.9183970825668207e-05,-3.312003092971725e-05,5.0165347297653226e-05,89.31999969482422,100.0,0.09000000357627869,30.0,7.617060661315918,6.083983328203483
1758759009.1980555,0,0,0,-8.542430639476583,39.78992591847467,-227.25714683887105,-1.2655317783355713,-0.002074071769522948,-0.0025909570318289753,-7.070867160419734e-06,-2.7994515286876485e-05,1.0486405294152964e-05,89.58000183105469,131.0,0.09000000357627869,94.0,7.5266900062561035,5.95337724157494
1758759009.2980719,0,0,0,-8.458197034121625,39.69911665330271,-227.25838029665164,-1.2822762727737427,0.0004778773470107075,-0.0013311026290549006,6.829096342749263e-06,6.999163817406362e-06,3.469657411625676e-06,89.54000091552734,111.0,0.09000000357627869,98.0,7.435390949249268,5.8061371186543775
1758759009.398043,0,0,0,-8.372386833488363,39.60711266354687,-227.23873263000615,-1.2987126111984253,0.0004017275434791128,-0.0014432390141651897,1.3175787643772151e-05,2.3227535119018047e-06,4.4676551372460856e-05,89.0,100.0,0.09000000357627869,63.0,7.343914985656738,5.649284683113368
1758759009.4980278,0,0,0,-8.284891621971106,39.51423903937824,-227.20999611035836,-1.3170280456542969,-0.0004548487635841502,-0.0013102623980478208,3.737485988320579e-06,2.329251618849727e-05,2.1753834102385095e-05,89.87000274658203,100.0,0.09000000357627869,98.0,7.252636909484863,5.506541690320655
1758759009.5980446,0,0,0,-8.196565231513757,39.42008521391737,-227.20220954760248,-1.3318651914596558,0.00028187377225474304,-0.0013098096942644956,9.589737419454556e-06,3.959038936776684e-05,9.671377612688584e-06,89.58000183105469,67.0,0.09000000357627869,29.0,7.160945892333984,5.372317424263243
1758759009.6980636,0,0,0,-8.107267595103465,39.32478200884754,-227.18355601708924,-1.3440637588500977,-0.00014457342544796933,-0.0011071839788198375,4.114125294056684e-05,-7.894265298540375e-05,6.122525980887213e-05,89.58000183105469,67.0,0.09000000357627869,63.0,7.069286823272705,5.252865399985702
1758759009.7980459,0,0,0,-8.017178496284592,39.228478587384274,-227.1405620799041,-1.3492873907089233,-0.0012550198657291394,-2.3166073294222174e-05,9.191377305997348e-05,-0.0001611264289097565,4.0342155639555654e-05,89.58000183105469,115.0,0.09000000357627869,96.0,6.996226787567139,5.177242234328478
1758759009.8980577,0,0,0,-7.9278855493323785,39.13138510855231,-227.11899666684553,-1.352692723274231,-4.734843303536045e-05,-0.0008212188281720614,0.00013664322423131997,-0.00015953652398157286,1.1197626877909725e-05,89.29000091552734,164.0,0.09000000357627869,63.0,6.886747360229492,5.092473277288117
1758759009.9980602,0,0,0,-7.838161975204553,39.03317734477594,-227.1132111806357,-1.3644522428512573,0.003187566997832663,-0.002372140094818261,7.61520384366351e-05,-7.413161313914664e-05,2.309353612290662e-05,89.0,100.0,0.09000000357627869,29.0,6.796102523803711,4.97477591175725
1758759010.0980885,0,0,0,-7.746312983855784,38.935074656265286,-227.09728165491015,-1.3791191577911377,0.0010702019081084138,-0.001476632136504498,-1.506063866655859e-05,5.846705456009277e-05,3.8744808091463e-05,89.54000091552734,134.0,0.09000000357627869,97.0,6.7243218421936035,4.870416155824144
1758759010.1980715,0,0,0,-7.652156171048605,38.83670311011497,-227.06822870963015,-1.3942207098007202,-0.0026617414008798038,-0.001874761837024497,-6.387662980445094e-05,0.00020787961120188466,4.9983488995365114e-05,89.61000061035156,134.0,0.09000000357627869,30.0,6.618961811065674,4.733940081489555
1758759010.2980838,0,0,0,-7.557669319162401,38.73676694487139,-227.05702934900404,-1.4066015481948853,8.85311803390756e-05,-0.0004880099813131697,-3.0075592652334657e-05,5.289855498720262e-05,1.951720999057808e-05,89.29000091552734,100.0,0.09000000357627869,29.0,6.531920433044434,4.643712994064475
1758759010.3980246,0,0,0,-7.4628719980518,38.6357484867705,-227.03298023652786,-1.4101868867874146,-0.0006900622935539775,-0.0004023151045089347,5.695764884101858e-05,-8.31280433785874e-05,5.288261686936714e-05,89.94000244140625,101.0,0.09000000357627869,30.0,6.445353031158447,4.559254448149082
1758759010.4980614,0,0,0,-7.368141113176948,38.534026735878925,-226.9983863108796,-1.4111089706420898,-0.0007033924903692434,0.0005228355357882165,4.791386436162939e-05,-8.913147792968691e-05,2.81579778757046e-05,89.94000244140625,103.0,0.09000000357627869,32.0,6.36008358001709,4.494345033405189
1758759010.598043,0,0,0,-7.274014720858981,38.432192311258824,-226.98585332163657,-1.408176064491272,0.0010160571107291187,0.0002166848014628094,1.643319107180282e-05,-3.9243352043402286e-05,5.333390184029884e-06,89.94000244140625,167.0,0.09000000357627869,63.0,6.292705059051514,4.4683765621546465
1758759010.698062,0,0,0,-7.179533456237217,38.33109699556698,-226.9750160748904,-1.4032987356185913,0.0009859130341610257,0.00026943788533809974,1.755966882376785e-05,3.418839071778958e-05,2.7782870353462515e-05,89.94000244140625,167.0,0.09000000357627869,29.0,6.194141387939453,4.401062484010258
1758759010.7980392,0,0,0,-7.065683334840688,38.21121962571139,-226.9415879179062,-1.3932727575302124,-0.0004372054442204551,0.0005649747076673866,4.5928377613284274e-05,2.3988232103445246e-05,3.7469044154180735e-05,89.58000183105469,115.0,0.09000000357627869,96.0,6.1155195236206055,4.381572790086155
1758759010.8980572,0,0,0,-6.990335434799161,38.1314168374387,-226.9204574079306,-1.387538194656372,-0.0003653975823356202,0.0005402354386235397,5.914292847918243e-05,-9.913672088232876e-06,2.8565429731381825e-05,89.9000015258789,134.0,0.09000000357627869,62.0,6.039860725402832,4.355477955998349
1758759010.998058,0,0,0,-6.897268301853796,38.03195938101866,-226.90155347605378,-1.3792705535888672,-3.856593211191484e-06,0.0004591072671551686,2.6302757071000186e-05,-3.546857960731893e-05,2.2062567437895004e-05,89.61000061035156,134.0,0.09000000357627869,29.0,5.9805498123168945,4.323972114989417
1758759011.0980847,0,0,0,-6.804523658456085,37.93259697608001,-226.88534454053683,-1.3746675252914429,0.00044027293801235487,0.0004218137055377736,8.775811920677683e-06,-7.922512198926132e-05,2.365825972477951e-05,89.58000183105469,134.0,0.09000000357627869,62.0,5.908586502075195,4.289433321315058
1758759011.198063,0,0,0,-6.712021102591781,37.83411438916756,-226.86747923844706,-1.3639360666275024,6.239840467895481e-06,0.002047049446343272,0.00014441081561063354,-1.387144027483511e-05,5.265850620241521e-05,89.58000183105469,167.0,0.09000000357627869,62.0,5.82563591003418,4.269871151920376
1758759011.2980795,0,0,0,-6.620265237545278,37.736465266434664,-226.84898764675222,-1.351733922958374,0.0005107856646157991,0.0008193488490637108,2.6294072339355256e-05,2.778876673565186e-06,2.60004498175728e-05,89.0,116.0,0.09000000357627869,12.0,5.760192394256592,4.250120566394107
1758759011.398019,0,0,0,-6.52897426988914,37.639896620213115,-226.8244585311345,-1.3385144472122192,-0.0005290065254376407,0.0011574095995884096,-3.52183937497928e-06,-8.550858442345338e-05,3.779778537227587e-05,89.61000061035156,134.0,0.09000000357627869,30.0,5.709970474243164,4.259890336240358
1758759011.4980595,0,0,0,-6.4390681234578135,37.54419970623416,-226.80283345092795,-1.323006510734558,-0.0005786274262372959,0.00135267847854336,1.2890319389997308e-05,-2.7050011266990586e-05,1.4879921940474368e-05,89.58000183105469,108.0,0.09000000357627869,37.0,5.638563632965088,4.257651866540768
1758759011.5980496,0,0,0,-6.350699152743967,37.44902661680258,-226.79748922203453,-1.3057209253311157,0.0015029182436367464,0.001298087228315822,1.768922060431029e-07,-7.671967598660409e-06,1.3441655160312121e-05,89.31999969482422,100.0,0.09000000357627869,29.0,5.581612586975098,4.270149016124923
1758759011.6980608,0,0,0,-6.262682771634068,37.35591519903409,-226.77872423216854,-1.2899857759475708,0.00038028362650911236,0.0015203471023227829,1.6999321932674374e-05,1.3263232391263974e-05,4.6200531007171785e-05,89.61000061035156,100.0,0.09000000357627869,30.0,5.538450241088867,4.293803974289055
1758759011.7980473,0,0,0,-6.175373808771801,37.26440788482859,-226.75019641216653,-1.2704918384552002,-0.0014426339292014662,0.0013848668019889635,-4.3291241041047745e-06,-1.0359870384612598e-05,1.8209596017355717e-05,89.9000015258789,134.0,0.09000000357627869,63.0,5.4788947105407715,4.304516562436974
1758759011.898062,0,0,0,-6.090087107218397,37.173633604373485,-226.74139678685685,-1.2518998384475708,0.00020481236840355768,0.0013032159178121955,6.562468079587739e-07,1.767308314344022e-05,8.009911930909691e-06,89.87000274658203,123.0,0.09000000357627869,52.0,5.432453155517578,4.330097728845375
1758759011.998048,0,0,0,-6.0061002469492015,37.08402096902458,-226.7298938271794,-1.233083724975586,0.0008212449644108874,0.0015554726861340567,-7.037113371632313e-06,-2.199870251542002e-05,2.8485140710394158e-05,89.87000274658203,82.0,0.09000000357627869,98.0,5.396897315979004,4.376851226303075
1758759012.098085,0,0,0,-5.9229989851117155,36.99639225468527,-226.70474355973062,-1.2140121459960938,-0.0001473968226879231,0.0012288104586084003,4.923335904629414e-06,2.353106699434658e-05,3.117519362745145e-05,89.87000274658203,134.0,0.09000000357627869,62.0,5.348016262054443,4.401974993354407
1758759012.1980555,0,0,0,-5.825397037812689,36.89285404280737,-226.690098625315,-1.2005351781845093,-0.00031423461215809113,0.0012197436748300173,-5.889201016316972e-05,1.687890269585712e-05,1.9533711183322645e-05,89.61000061035156,134.0,0.09000000357627869,29.0,5.310944557189941,4.425503661606632
1758759012.2981262,0,0,0,-5.760998543634325,36.82435494083262,-226.67917566337945,-1.1950037479400635,0.00010604938572677039,0.00037698393752113007,-2.929264369249755e-05,4.4600189902719484e-07,3.197861043756782e-05,89.9000015258789,134.0,0.09000000357627869,29.0,5.282926559448242,4.4189930053574225
1758759012.398069,0,0,0,-5.680586174222399,36.738956867140324,-226.65283563979904,-1.1908315420150757,-0.0002960716309111038,9.419815892238099e-05,-7.25872092137478e-06,-8.45550524913956e-06,3.327700973266546e-05,90.2300033569336,134.0,0.09000000357627869,63.0,5.250157356262207,4.399567713170607
1758759012.4980624,0,0,0,-5.600449776223053,36.65355482816691,-226.6434497977179,-1.1890790462493896,0.00040746958813563653,0.00011909071888667873,1.0072635436320801e-05,5.1737360166134726e-05,1.2845938595252905e-06,89.94000244140625,151.0,0.09000000357627869,62.0,5.214239120483398,4.382697203183259
1758759012.5980392,0,0,0,-5.520343749147999,36.568547904421244,-226.63311290990737,-1.1858439445495605,0.000392146442081905,0.0004103412450448708,2.588705267064059e-05,4.286392440693916e-06,3.889273197560264e-05,90.2300033569336,167.0,0.09000000357627869,63.0,5.192059516906738,4.379612434992111
1758759012.698058,0,0,0,-5.440221092771056,36.48414792778096,-226.60386401733876,-1.1816611289978027,-0.0010902045090124758,6.771778939181189e-05,-4.353432722186375e-05,-2.718092104142834e-05,2.8310611922136607e-05,90.2300033569336,111.0,0.09000000357627869,129.0,5.162686824798584,4.364267523856566
1758759012.798025,0,0,0,-5.360727712576189,36.39920962251872,-226.59398187231733,-1.1813617944717407,0.00026345339073047095,7.550790791886888e-05,-3.692110249556401e-05,-8.842850063122679e-06,-2.3133680104163476e-06,89.9000015258789,134.0,0.09000000357627869,97.0,5.144852161407471,4.353588926258534
1758759012.89805,0,0,0,-5.281342911958197,36.31439931233726,-226.58455279993916,-1.1784309148788452,0.00039420748764002064,0.00011376955201580411,-6.840512029701867e-06,-4.8546781365404086e-05,3.906677181038152e-05,89.9000015258789,124.0,0.09000000357627869,53.0,5.120502948760986,4.334137740741203
1758759012.998061,0,0,0,-5.201693045552924,36.229880295039685,-226.56000058738437,-1.1784260272979736,-0.0002660573139974516,-0.00010696367691084115,-3.0074875065750296e-05,-1.2964524898105246e-05,1.7260111458067152e-05,90.19999694824219,134.0,0.09000000357627869,62.0,5.106731414794922,4.327257565634281
1758759013.0980966,0,0,0,-5.122280882610018,36.14548170444282,-226.55437862042947,-1.1770330667495728,0.00046763875531841885,0.00024193896290235545,-2.8203564264861826e-05,-1.9188851806367825e-05,1.2487905516966728e-05,90.2300033569336,133.0,0.09000000357627869,62.0,5.089073657989502,4.326447760107453
1758759013.1980882,0,0,0,-5.042844849296677,36.06279970127451,-226.5402155466179,-1.1739652156829834,0.0006163587074657944,8.96240289146655e-05,-5.39007303337394e-05,3.278413447071432e-05,6.459480129588808e-05,90.26000213623047,167.0,0.09000000357627869,62.0,5.078169345855713,4.313172324984559
1758759013.2981057,0,0,0,-4.963338182760718,35.980360271287125,-226.5190611495845,-1.1734941005706787,-0.00012025591843808122,2.710202805195831e-05,-1.7614886486080622e-05,1.797544335388953e-05,2.0127661267086656e-05,90.58000183105469,100.0,0.09000000357627869,30.0,5.072027206420898,4.31818191918221
1758759013.3980737,0,0,0,-4.867817619167594,35.88111435246616,-226.50590717290413,-1.1721986532211304,-0.000265827878615937,-0.00017390386424663014,-6.5955912159414636e-06,-1.0251215385314577e-05,3.057463632657414e-05,90.55000305175781,111.0,0.09000000357627869,41.0,5.065829277038574,4.312257992912993
1758759013.4980803,0,0,0,-4.804183137813789,35.81512709750083,-226.49347884192315,-1.1711573600769043,8.617835625511781e-05,-1.5945320818082363e-05,-2.1031914073314214e-05,1.2076308704963252e-05,3.122368863138529e-05,90.19999694824219,200.0,0.09000000357627869,62.0,5.063557147979736,4.316021322107252
1758759013.5980518,0,0,0,-4.724670927290466,35.73287975583202,-226.47277176824997,-1.1692005395889282,-0.0002081516260189063,0.0003833321652661037,-4.8395442110094804e-05,-2.5393729013281903e-05,2.5679106702835592e-05,90.5199966430664,134.0,0.09000000357627869,63.0,5.063876628875732,4.335763953035648
1758759013.69809,0,0,0,-4.645511391105302,35.65078213340812,-226.4584397752585,-1.1649696826934814,-0.00013308570770035203,0.0005513883606776378,-2.4407442708155625e-05,-8.377897512845647e-06,1.0899662996045199e-05,90.5199966430664,106.0,0.09000000357627869,96.0,5.066812038421631,4.354653007760547
1758759013.798059,0,0,0,-4.566704587169712,35.56873743961718,-226.44728493332326,-1.1584373712539673,0.0002897301164986365,0.0002971902370813275,-6.777181902004193e-06,9.078461379995078e-06,2.6575603830202597e-05,90.48999786376953,202.0,0.09000000357627869,98.0,5.071972846984863,4.371487413748331
1758759013.898055,0,0,0,-4.488023193261456,35.487328935027385,-226.42896385285354,-1.155126929283142,6.0039965777694687e-05,0.00028198211333099,8.043982411998775e-07,-2.422996485107347e-05,2.6743855207183937e-05,90.19999694824219,187.0,0.09000000357627869,83.0,5.079883575439453,4.407332242527617
1758759013.998058,0,0,0,-4.393902056500311,35.389918861235174,-226.40740588945624,-1.1479368209838867,-0.00022301344957329356,0.00039204114365993755,3.078393732955566e-06,-1.1704216296783225e-05,1.6211266820347237e-05,89.87000274658203,234.0,0.09000000357627869,96.0,5.088107585906982,4.442023291938949
1758759014.098089,0,0,0,-4.3317472739832175,35.32504732398744,-226.39985181365154,-1.1410645246505737,7.392272392816777e-05,0.0007230423671552707,-2.576282185275148e-05,-5.229702234696498e-06,1.2102826033034785e-05,90.19999694824219,101.0,0.09000000357627869,63.0,5.100349426269531,4.463924358264766
1758759014.198062,0,0,0,-4.2546333803040195,35.24481840959754,-226.3868134600629,-1.132237195968628,0.0009682130220920958,0.0015212434665948813,-2.91437387608837e-05,4.3453878477327305e-06,5.0476508221274095e-05,89.94000244140625,88.0,0.09000000357627869,62.0,5.114599227905273,4.525724063741403
1758759014.2980685,0,0,0,-4.177818608719815,35.16560678373375,-226.36767876249996,-1.1223628520965576,-3.200189054734017e-05,0.0007521478980132669,-6.526519387637093e-07,3.3809219956367845e-05,2.1018061908845462e-05,90.2300033569336,88.0,0.09000000357627869,30.0,5.131518363952637,4.57123700196239
1758759014.3980463,0,0,0,-4.101611662614601,35.086950565007896,-226.35195842577718,-1.11159086227417,-5.374788933661123e-06,0.0007800908696860841,1.3746191131062778e-05,3.0000055943111794e-05,2.4520894761799374e-05,90.19999694824219,180.0,0.09000000357627869,76.0,5.150879383087158,4.64049412372996
1758759014.4980586,0,0,0,-4.026191648466536,35.00895409303097,-226.33613516066583,-1.1004878282546997,0.0004022716061344874,0.0009691123280150932,8.996855678400576e-07,2.786122807734456e-05,2.1914175975859302e-05,90.48999786376953,172.0,0.09000000357627869,68.0,5.176787376403809,4.713206408955976
1758759014.5980532,0,0,0,-3.951479042360069,34.932111366915315,-226.31971629492773,-1.088062047958374,3.535845822559157e-05,0.001200489560474673,1.5349580215674675e-05,2.01326905338876e-05,2.097521133205472e-05,90.48999786376953,168.0,0.09000000357627869,98.0,5.200481414794922,4.779413239760989
1758759014.6980555,0,0,0,-3.877623753121988,34.856331144289555,-226.30180427591904,-1.072181224822998,-9.36776852825485e-06,0.0013939546176656447,-2.684002442008141e-06,1.9724573325037357e-05,3.108301257777294e-05,90.19999694824219,172.0,0.09000000357627869,67.0,5.2208967208862305,4.8727101858171755
1758759014.7980108,0,0,0,-3.8194059821411983,34.79643438221118,-226.2864742763876,-1.0529998540878296,-1.627686468761531e-06,0.001739857024497918,1.7528765224553627e-06,-8.287495285088254e-06,1.6937389585919674e-05,90.2300033569336,139.0,0.09000000357627869,96.0,5.253494739532471,4.997205687039007
1758759014.8980129,0,0,0,-3.733951259580804,34.70821366682579,-226.2702895493041,-1.0297256708145142,0.00028472389656528574,0.002309795137157505,3.204756796728954e-05,1.406371436222016e-05,1.606290151422896e-05,90.2300033569336,159.0,0.09000000357627869,56.0,5.276246070861816,5.12491669614207
1758759014.9980206,0,0,0,-3.664629022076329,34.63687483106219,-226.25783400517366,-0.9967097640037537,5.002639743974203e-07,0.005845349546025369,4.673288023768111e-05,-8.985691022119584e-06,2.9448396360566703e-05,90.2300033569336,107.0,0.09000000357627869,62.0,5.3116679191589355,5.327500644604885
1758759015.0980651,0,0,0,-3.5977693112390687,34.56826998703998,-226.24525466644127,-0.9583961367607117,-0.0001647056254500546,0.0029352163413316435,4.798748167294738e-06,3.5096541146311325e-05,1.7677191793337417e-05,90.2300033569336,134.0,0.09000000357627869,62.0,5.336093902587891,5.576004598201504
1758759015.1980546,0,0,0,-3.5339002376178015,34.50231953732133,-226.23543139598627,-0.9205266237258911,0.00019094632531300136,0.0068330797091030685,-7.732607605466996e-06,2.3967902798687092e-05,2.994496272207097e-05,90.2300033569336,100.0,0.09000000357627869,96.0,5.372863292694092,5.830634119661652
1758759015.2980669,0,0,0,-3.484815047405747,34.45161892618121,-226.2263778597149,-0.8734377026557922,0.00038524445160876023,0.004129275637191731,1.8421634767388567e-05,3.0663891730175425e-06,2.022948554791194e-05,89.94000244140625,127.0,0.09000000357627869,62.0,5.397366523742676,6.206350906849951
1758759015.3980458,0,0,0,-3.415372947459754,34.38004802828768,-226.2083710996431,-0.8161762356758118,-0.00020346359752902916,0.005097204320030969,2.1273829359485813e-05,-1.6901065731970607e-05,1.36557426978159e-05,90.19999694824219,115.0,0.09000000357627869,44.0,5.433706283569336,6.67799556410158
1758759015.4980469,0,0,0,-3.362207023770734,34.32507689780198,-226.19906100095238,-0.75518399477005,0.0002817455894243749,0.004762014344337985,8.249913053899225e-06,-2.0345570122448415e-06,1.0635444683792006e-05,90.2300033569336,114.0,0.09000000357627869,96.0,5.462911128997803,7.241903128037138
1758759015.5980356,0,0,0,-3.31318273678302,34.27425942152134,-226.19082914554133,-0.693895697593689,0.00039134953019347597,0.004780900849450577,1.56149801642562e-05,-1.0969561607525639e-05,1.547001768956584e-05,89.54000091552734,186.0,0.09000000357627869,82.0,5.490598201751709,7.948201802461089
1758759015.6980646,0,0,0,-3.2681991050387715,34.22798830274978,-226.18083643295108,-0.6391327381134033,3.233041211268264e-05,0.0031130420685711825,-1.281641723682267e-05,-6.052534529877029e-06,1.2169981722895614e-05,89.54000091552734,78.0,0.09000000357627869,96.0,5.516812801361084,8.66462238522552
1758759015.7980409,0,0,0,-3.226105435876749,34.184634559477594,-226.1722365150277,-0.6086181998252869,-6.161123378001438e-05,0.0013033145330023528,-1.0938112974885902e-05,-1.228271463071297e-05,1.2877267154474689e-05,89.9000015258789,134.0,0.09000000357627869,63.0,5.536796569824219,9.088272536817117
1758759015.898055,0,0,0,-3.1855995831940436,34.14297188736514,-226.16262711787243,-0.5920883417129517,-4.523448479271596e-05,0.0008431729217455463,-4.020343887510809e-07,-2.0599731765435807e-05,1.0228987454919154e-05,89.61000061035156,115.0,0.09000000357627869,62.0,5.561081409454346,9.443628030626826
1758759015.9980276,0,0,0,-3.145951327656974,34.10207814959711,-226.15529531430138,-0.5818576216697693,9.240079967351103e-05,0.0007124472819637457,6.492303781382436e-06,-4.228396923805174e-06,8.58242100384827e-06,90.19999694824219,100.0,0.09000000357627869,96.0,5.589890956878662,9.687045295789792
1758759016.09803,0,0,0,-3.106995726779199,34.061880131404415,-226.1500726848118,-0.572047770023346,0.0002042348872199754,0.0008940204205675536,6.263403510874524e-06,-3.6922476725416557e-06,7.81296510469649e-06,90.19999694824219,137.0,0.09000000357627869,67.0,5.613948345184326,9.83183043346617
1758759016.1980622,0,0,0,-3.069518986023917,34.02353028941476,-226.13990348959675,-0.557284951210022,0.00037496875335518774,0.0030267109763258615,2.5065474051765664e-05,1.3800169701846796e-05,2.4352286229519314e-05,89.9000015258789,134.0,0.09000000357627869,29.0,5.63301420211792,10.168829127355764
1758759016.2980704,0,0,0,-3.0331693051593214,33.98651894349313,-226.1302897441526,-0.5365210175514221,-8.203812449597591e-05,0.0019305674266910044,1.3854345378490652e-05,-7.560346031104114e-07,1.3098046173781088e-05,89.94000244140625,100.0,0.09000000357627869,29.0,5.656761646270752,10.637025611846562
1758759016.3980455,0,0,0,-2.998447462479173,33.95098967656446,-226.12134668343782,-0.507440984249115,-9.710192980934165e-05,0.002841960044539266,1.6431063097008384e-05,-6.801873034509887e-06,1.2227071542314068e-05,90.2300033569336,118.0,0.09000000357627869,81.0,5.684592247009277,11.258801877576653
1758759016.4980652,0,0,0,-2.9663082528429023,33.91800913521868,-226.1139431884149,-0.4660603404045105,0.0001314581691449603,0.0036759882843403584,1.965112400541768e-05,3.287023704471363e-06,5.204848647184464e-06,90.5199966430664,100.0,0.09000000357627869,96.0,5.7066168785095215,12.334947327701112
1758759016.5980566,0,0,0,-2.9372370436625896,33.8882236939831,-226.10825744432344,-0.4136085510253906,0.0002798560564187323,0.004923493091422146,1.4816176310144688e-05,-6.184071003843214e-06,9.975888337174762e-06,90.5199966430664,134.0,0.09000000357627869,69.0,5.72310733795166,13.977152939829963
1758759016.698023,0,0,0,-2.912215659180978,33.862993799373115,-226.09994769102963,-0.34700343012809753,1.4385639959121291e-05,0.005970345654180665,2.3091428985337382e-05,8.792977799527112e-06,6.8641240547544805e-06,90.5199966430664,167.0,0.09000000357627869,63.0,5.745216369628906,16.601523187242126
1758759016.7980506,0,0,0,-2.892250709361207,33.84283193105919,-226.09426375880702,-0.26559528708457947,0.0002174446712472646,0.014226935629390447,6.603764350338567e-05,2.0457583495479572e-05,1.308754855402358e-05,90.5199966430664,167.0,0.09000000357627869,63.0,5.757748603820801,21.96489699335868
1758759016.8980594,0,0,0,-2.8783922955510937,33.828840572888716,-226.09047909209534,-0.17442432045936584,0.00010491628125707973,0.007373101526511008,2.2400470402323836e-05,-2.3122535876840284e-06,1.2265429579603108e-06,90.55000305175781,102.0,0.09000000357627869,98.0,5.771784782409668,33.806182640286565
1758759016.9980652,0,0,0,-2.8710096292663,33.82149860685141,-226.08953873814062,-0.0838082805275917,0.00011292979580827507,0.006978517307577824,5.524770253281563e-06,-4.474182850329967e-07,-4.1017297641972215e-06,90.5199966430664,124.0,0.09000000357627869,65.0,5.777843952178955,69.48429450006542
1758759017.0980206,0,0,0,-2.869747769520694,33.8203365293142,-226.09108875073292,0.004422600846737623,0.0003110420230458238,0.004539324557514341,-3.114484663179921e-05,4.591736735748356e-06,-1.7723636571493346e-06,90.26000213623047,122.0,0.09000000357627869,51.0,5.781309127807617,-891.0113964834047
1758759017.1980672,0,0,0,-2.872434716416625,33.82338527807984,-226.09060338122168,0.018601953983306885,-0.00011766902570739968,-0.006846541609223019,-0.0002116279947971449,1.0497057806212983e-05,3.2656693580403907e-06,90.55000305175781,138.0,0.09000000357627869,96.0,5.780247211456299,-277.0332389701543
1758759017.2980587,0,0,0,-2.8732939681477307,33.824620550878684,-226.09304741326878,-0.03258294612169266,-0.00010336899977213244,-0.003315601401690492,-3.336713713168376e-05,1.1225584211984536e-05,-3.865714522613482e-06,90.48999786376953,203.0,0.09000000357627869,66.0,5.779016494750977,181.4839094517526
1758759017.3980658,0,0,0,-2.871339148919475,33.82292342184749,-226.09240779205265,-0.04719911888241768,1.8933072339153822e-07,0.00161514852103353,6.158796299186567e-05,1.4027524106841675e-06,4.640678436558129e-06,90.2300033569336,67.0,0.09000000357627869,30.0,5.780168533325195,132.992554048466
1758759017.498053,0,0,0,-2.870141187391709,33.82203944335583,-226.09157095233803,-0.02165120467543602,1.7374994168040114e-05,0.001815113796208722,9.643641264352631e-06,-2.3572687587227987e-09,-2.682834379686268e-06,90.26000213623047,67.0,0.09000000357627869,29.0,5.781587600708008,260.2934728591558
1758759017.5980496,0,0,0,-2.8703587021336063,33.82247271177649,-226.09424266265165,-0.01189348567277193,0.0001524919538806387,-0.0010020769056668282,-5.435943685954692e-05,2.0671972478312677e-06,-2.235599406386948e-06,90.19999694824219,67.0,0.09000000357627869,69.0,5.78184175491333,602.385501794034
1758759017.6980577,0,0,0,-2.870148821354308,33.822672491879366,-226.09312802710673,-0.029354790225625038,-0.0001744735530083987,-0.0013629461125095575,-1.4223184339857464e-06,-3.7223150727893195e-06,4.053164215293532e-06,90.5199966430664,73.0,0.09000000357627869,62.0,5.781904697418213,226.31486129200275
1758759017.7980447,0,0,0,-2.8688141110713863,33.821546155222954,-226.09257161106382,-0.03713536635041237,5.950345044117197e-05,0.0007854376584623358,3.923671828922964e-05,-8.28642391110185e-07,-3.979635859611248e-06,90.2300033569336,100.0,0.09000000357627869,29.0,5.782833099365234,168.18892866261902
1758759017.8980498,0,0,0,-2.8679008416979364,33.820828882702095,-226.09448446523282,-0.021857399493455887,0.0001575284461749095,0.001104343358574939,-8.089451752284247e-06,3.245190852082104e-07,4.425307375871979e-07,90.5199966430664,100.0,0.09000000357627869,96.0,5.783680438995361,268.3607026209248
1758759017.9980204,0,0,0,-2.867697012022721,33.82099757683536,-226.09311894873912,-0.01601594313979149,-0.00019690095923491092,-0.0014413589134466556,-4.883531912004651e-05,9.20356952437862e-06,-3.672167127364551e-06,90.5199966430664,134.0,0.09000000357627869,96.0,5.784130096435547,394.23840133763963
1758759018.0980465,0,0,0,-2.8670012344275535,33.82056629662755,-226.09510791316416,-0.028573259711265564,-4.934769150623166e-05,-0.0008496092580912185,1.0872622352626192e-05,2.195368627906018e-06,5.112849490222653e-07,90.2300033569336,100.0,0.09000000357627869,30.0,5.7843756675720215,225.44546740549606
1758759018.1980555,0,0,0,-2.8647539969371167,33.81824826470443,-226.09437520270018,-0.03244822472333908,-0.00013716481710353487,0.0011807918113509164,4.497780270117212e-05,-1.7609164154433563e-05,9.514213152298664e-07,90.5199966430664,167.0,0.09000000357627869,96.0,5.785694599151611,208.0897909561462
1758759018.2980635,0,0,0,-2.862886031660367,33.8161708292577,-226.09488927952123,-0.02249223180115223,9.827885922032448e-05,0.0005400938095431174,-6.7919670622821845e-06,5.450415870254666e-06,-2.0777074118382966e-06,90.2300033569336,67.0,0.09000000357627869,30.0,5.786647319793701,268.4461283543853
1758759018.3980212,0,0,0,-2.861456013126949,33.814624823672304,-226.0964733011491,-0.0214186180382967,-2.8337720411821584e-05,-0.0005395504800174216,-1.1745650134141514e-05,9.548426822383317e-06,1.3089738103209026e-06,90.19999694824219,67.0,0.09000000357627869,63.0,5.787583827972412,292.91355942115695
1758759018.4980423,0,0,0,-2.8596899902086106,33.81279037665003,-226.09420740874754,-0.028926601633429527,-9.437478920570034e-05,-0.00040038018294255703,5.549825978664549e-06,6.163990318954007e-06,3.319073620717324e-06,90.2300033569336,134.0,0.09000000357627869,63.0,5.788663387298584,219.3429899776035
1758759018.598022,0,0,0,-2.8580571007829754,33.8109738604714,-226.09203781898896,-0.02959909476339817,7.248836299498501e-05,0.0004165507864309423,9.004760213715804e-06,7.931701853946867e-06,5.869791164571635e-06,90.2300033569336,151.0,0.09000000357627869,62.0,5.789825916290283,200.70138354109562
1758759018.69805,0,0,0,-2.8557826240477846,33.808560411771296,-226.0839637019467,-0.02420119382441044,-1.5140369549272864e-05,0.0001913608963491986,-5.859895628685262e-06,8.516610173923018e-07,1.3790541141406277e-05,89.9000015258789,100.0,0.09000000357627869,29.0,5.7909016609191895,265.1119057542223
1758759018.798047,0,0,0,-2.854165959246545,33.806795804467356,-226.07990994179806,-0.02436518855392933,1.5329582279549584e-05,-0.0003171989903423783,-2.6621480536635855e-06,-6.855839969745954e-06,-1.0348193114386229e-05,89.87000274658203,167.0,0.09000000357627869,63.0,5.791491508483887,298.7354025352148
1758759018.8980465,0,0,0,-2.8522897261211604,33.80486617103296,-226.08443588003433,-0.029093077406287193,0.00025198258678318025,-0.00020603625212405472,6.997968903582026e-06,3.7136553090016955e-07,1.4711431295440483e-06,89.61000061035156,107.0,0.09000000357627869,37.0,5.7924699783325195,217.7693470800581
1758759018.9980428,0,0,0,-2.8504638211227027,33.80332111358472,-226.08225736752433,-0.02925744093954563,-0.00035960166066680563,0.00025580953852506126,1.619065473255733e-06,-2.616085071538822e-06,1.4744486316746256e-07,89.9000015258789,144.0,0.09000000357627869,40.0,5.793853759765625,220.75646458011735
1758759019.098072,0,0,0,-2.848055266095597,33.800961604784305,-226.0837033494402,-0.0263535063713789,-1.4381488260323418e-05,0.0001916101160161569,-1.4828414998505698e-06,2.606096335035991e-06,-1.1284365652045501e-05,89.9000015258789,112.0,0.09000000357627869,103.0,5.79506778717041,258.35682288461703
